101.978042 0.00831604003906 0 0.00831604003906 MB
108.074227 0.0127258300781 0 0.0127258300781 MB
108.074227 0.0127258300781 0 0.0127258300781 MB
114.451436 0.0127258300781 0 0.0127258300781 MB
121.601101 0.0171356201172 0 0.0171356201172 MB
129.396308 0.0215454101562 0 0.0215454101562 MB
137.196616 0.0215454101562 0 0.0215454101562 MB
145.001692 0.0259552001953 0 0.0259552001953 MB
152.981955 0.0303649902344 0 0.0303649902344 MB
160.961161 0.0303649902344 0 0.0303649902344 MB
168.990266 0.0347747802734 0 0.0347747802734 MB
176.957108 0.0391845703125 0 0.0391845703125 MB
184.876054 0.0391845703125 0 0.0391845703125 MB
192.72531 0.0435943603516 0 0.0435943603516 MB
200.549054 0.0480041503906 0 0.0480041503906 MB
208.401714 0.0524139404297 0 0.0524139404297 MB
208.401714 0.0524139404297 0 0.0524139404297 MB
216.299835 0.0524139404297 0 0.0524139404297 MB
224.186594 0.0568237304688 0 0.0568237304688 MB
232.078839 0.0612335205078 0 0.0612335205078 MB
232.078839 0.0612335205078 0 0.0612335205078 MB
239.992975 0.0612335205078 0 0.0612335205078 MB
247.949368 0.0656433105469 0 0.0656433105469 MB
255.64287 0.0700531005859 0 0.0700531005859 MB
263.641414 0.0700531005859 0 0.0700531005859 MB
271.649528 0.074462890625 0 0.074462890625 MB
279.520757 0.0788726806641 0 0.0788726806641 MB
287.08292 0.0788726806641 0 0.0788726806641 MB
294.630343 0.0832824707031 0 0.0832824707031 MB
302.305145 0.0876922607422 0 0.0876922607422 MB
309.579676 0.0876922607422 0 0.0876922607422 MB
316.849475 0.0921020507812 0 0.0921020507812 MB
323.995094 0.0965118408203 0 0.0965118408203 MB
331.807877 0.0965118408203 0 0.0965118408203 MB
341.405942 0.100921630859 0 0.100921630859 MB
341.606419 0.100921630859 0 0.100921630859 MB
343.080324 0.100921630859 0 0.100921630859 MB
343.080324 0.100921630859 0 0.100921630859 MB
343.080324 0.100921630859 0 0.100921630859 MB
343.080324 0.100921630859 0 0.100921630859 MB
343.080324 0.100921630859 0 0.100921630859 MB
343.080324 0.100921630859 0 0.100921630859 MB
343.080324 0.100921630859 0 0.100921630859 MB
343.080324 0.100921630859 0 0.100921630859 MB
343.080324 0.100921630859 0 0.100921630859 MB
343.080324 0.100921630859 0 0.100921630859 MB
343.080324 0.100921630859 0 0.100921630859 MB
343.080324 0.100921630859 0 0.100921630859 MB
343.080324 0.100921630859 0 0.100921630859 MB
343.080324 0.100921630859 0 0.100921630859 MB
343.080324 0.100921630859 0 0.100921630859 MB
343.080324 0.100921630859 0 0.100921630859 MB
343.080324 0.100921630859 0 0.100921630859 MB
343.080324 0.100921630859 0 0.100921630859 MB
343.080324 0.100921630859 0 0.100921630859 MB
343.080324 0.100921630859 0 0.100921630859 MB
343.080324 0.100921630859 0 0.100921630859 MB
343.080324 0.100921630859 0 0.100921630859 MB
343.080324 0.100921630859 0 0.100921630859 MB
343.080324 0.100921630859 0 0.100921630859 MB
343.080324 0.100921630859 0 0.100921630859 MB
343.080324 0.100921630859 0 0.100921630859 MB
343.080324 0.100921630859 0 0.100921630859 MB
343.080324 0.100921630859 0 0.100921630859 MB
343.080324 0.100921630859 0 0.100921630859 MB
343.080324 0.100921630859 0 0.100921630859 MB
343.080324 0.100921630859 0 0.100921630859 MB
343.080324 0.100921630859 0 0.100921630859 MB
343.080324 0.100921630859 0 0.100921630859 MB
343.080324 0.100921630859 0 0.100921630859 MB
343.080324 0.100921630859 0 0.100921630859 MB
343.080324 0.100921630859 0 0.100921630859 MB
343.080324 0.100921630859 0 0.100921630859 MB
343.080324 0.100921630859 0 0.100921630859 MB
343.080324 0.100921630859 0 0.100921630859 MB
343.080324 0.100921630859 0 0.100921630859 MB
343.080324 0.100921630859 0 0.100921630859 MB
343.080324 0.100921630859 0 0.100921630859 MB
343.080324 0.100921630859 0 0.100921630859 MB
343.080324 0.100921630859 0 0.100921630859 MB
343.080324 0.100921630859 0 0.100921630859 MB
343.080324 0.100921630859 0 0.100921630859 MB
343.080324 0.100921630859 0 0.100921630859 MB
343.080324 0.100921630859 0 0.100921630859 MB
343.080324 0.100921630859 0 0.100921630859 MB
343.080324 0.100921630859 0 0.100921630859 MB
343.080324 0.100921630859 0 0.100921630859 MB
343.080324 0.100921630859 0 0.100921630859 MB
343.080324 0.100921630859 0 0.100921630859 MB
343.080324 0.100921630859 0 0.100921630859 MB
343.080324 0.100921630859 0 0.100921630859 MB
343.080324 0.100921630859 0 0.100921630859 MB
343.080324 0.100921630859 0 0.100921630859 MB
343.080324 0.100921630859 0 0.100921630859 MB
343.080324 0.100921630859 0 0.100921630859 MB
343.080324 0.100921630859 0 0.100921630859 MB
343.080324 0.100921630859 0 0.100921630859 MB
343.080324 0.100921630859 0 0.100921630859 MB
343.080324 0.100921630859 0 0.100921630859 MB
343.080324 0.100921630859 0 0.100921630859 MB
343.702552 0.100921630859 0 0.100921630859 MB
343.702552 0.100921630859 0 0.100921630859 MB
343.702552 0.100921630859 0 0.100921630859 MB
343.702552 0.100921630859 0 0.100921630859 MB
343.702552 0.100921630859 0 0.100921630859 MB
343.702552 0.100921630859 0 0.100921630859 MB
343.702552 0.100921630859 0 0.100921630859 MB
343.702552 0.100921630859 0 0.100921630859 MB
343.702552 0.100921630859 0 0.100921630859 MB
343.702552 0.100921630859 0 0.100921630859 MB
343.702552 0.100921630859 0 0.100921630859 MB
343.702552 0.100921630859 0 0.100921630859 MB
343.702552 0.100921630859 0 0.100921630859 MB
343.702552 0.100921630859 0 0.100921630859 MB
343.702552 0.100921630859 0 0.100921630859 MB
343.702552 0.100921630859 0 0.100921630859 MB
343.702552 0.100921630859 0 0.100921630859 MB
343.702552 0.100921630859 0 0.100921630859 MB
343.702552 0.100921630859 0 0.100921630859 MB
343.702552 0.100921630859 0 0.100921630859 MB
343.702552 0.100921630859 0 0.100921630859 MB
343.702552 0.100921630859 0 0.100921630859 MB
343.702552 0.100921630859 0 0.100921630859 MB
343.702552 0.100921630859 0 0.100921630859 MB
343.702552 0.100921630859 0 0.100921630859 MB
343.702552 0.100921630859 0 0.100921630859 MB
343.702552 0.100921630859 0 0.100921630859 MB
343.702552 0.100921630859 0 0.100921630859 MB
343.702552 0.100921630859 0 0.100921630859 MB
343.702552 0.100921630859 0 0.100921630859 MB
343.702552 0.100921630859 0 0.100921630859 MB
343.702552 0.100921630859 0 0.100921630859 MB
343.702552 0.100921630859 0 0.100921630859 MB
343.702552 0.100921630859 0 0.100921630859 MB
343.702552 0.100921630859 0 0.100921630859 MB
343.702552 0.100921630859 0 0.100921630859 MB
343.702552 0.100921630859 0 0.100921630859 MB
343.702552 0.100921630859 0 0.100921630859 MB
343.702552 0.100921630859 0 0.100921630859 MB
343.702552 0.100921630859 0 0.100921630859 MB
343.702552 0.100921630859 0 0.100921630859 MB
343.702552 0.100921630859 0 0.100921630859 MB
343.702552 0.100921630859 0 0.100921630859 MB
343.702552 0.100921630859 0 0.100921630859 MB
343.702552 0.100921630859 0 0.100921630859 MB
343.702552 0.100921630859 0 0.100921630859 MB
343.702552 0.100921630859 0 0.100921630859 MB
343.702552 0.100921630859 0 0.100921630859 MB
343.702552 0.100921630859 0 0.100921630859 MB
343.702552 0.100921630859 0 0.100921630859 MB
343.702552 0.100921630859 0 0.100921630859 MB
343.702552 0.100921630859 0 0.100921630859 MB
343.702552 0.100921630859 0 0.100921630859 MB
343.702552 0.100921630859 0 0.100921630859 MB
343.702552 0.100921630859 0 0.100921630859 MB
343.702552 0.100921630859 0 0.100921630859 MB
343.702552 0.100921630859 0 0.100921630859 MB
343.702552 0.100921630859 0 0.100921630859 MB
343.702552 0.100921630859 0 0.100921630859 MB
343.702552 0.100921630859 0 0.100921630859 MB
343.702552 0.100921630859 0 0.100921630859 MB
343.702552 0.100921630859 0 0.100921630859 MB
343.702552 0.100921630859 0 0.100921630859 MB
343.702552 0.100921630859 0 0.100921630859 MB
343.702552 0.100921630859 0 0.100921630859 MB
343.702552 0.100921630859 0 0.100921630859 MB
343.702552 0.100921630859 0 0.100921630859 MB
343.702552 0.100921630859 0 0.100921630859 MB
343.702552 0.100921630859 0 0.100921630859 MB
343.702552 0.100921630859 0 0.100921630859 MB
343.702552 0.100921630859 0 0.100921630859 MB
343.702552 0.100921630859 0 0.100921630859 MB
343.702552 0.100921630859 0 0.100921630859 MB
343.702552 0.100921630859 0 0.100921630859 MB
343.702552 0.100921630859 0 0.100921630859 MB
343.702552 0.100921630859 0 0.100921630859 MB
343.702552 0.100921630859 0 0.100921630859 MB
343.702552 0.100921630859 0 0.100921630859 MB
343.702552 0.100921630859 0 0.100921630859 MB
343.702552 0.100921630859 0 0.100921630859 MB
343.702552 0.100921630859 0 0.100921630859 MB
343.702552 0.100921630859 0 0.100921630859 MB
343.702552 0.100921630859 0 0.100921630859 MB
343.702552 0.100921630859 0 0.100921630859 MB
343.702552 0.100921630859 0 0.100921630859 MB
343.702552 0.100921630859 0 0.100921630859 MB
343.702552 0.100921630859 0 0.100921630859 MB
343.702552 0.100921630859 0 0.100921630859 MB
343.702552 0.100921630859 0 0.100921630859 MB
343.702552 0.100921630859 0 0.100921630859 MB
343.702552 0.100921630859 0 0.100921630859 MB
343.702552 0.100921630859 0 0.100921630859 MB
343.702552 0.100921630859 0 0.100921630859 MB
343.702552 0.100921630859 0 0.100921630859 MB
343.702552 0.100921630859 0 0.100921630859 MB
343.702552 0.100921630859 0 0.100921630859 MB
343.702552 0.100921630859 0 0.100921630859 MB
343.702552 0.100921630859 0 0.100921630859 MB
343.702552 0.100921630859 0 0.100921630859 MB
343.702552 0.100921630859 0 0.100921630859 MB
343.702552 0.100921630859 0 0.100921630859 MB
343.702552 0.100921630859 0 0.100921630859 MB
343.702552 0.100921630859 0 0.100921630859 MB
343.702552 0.100921630859 0 0.100921630859 MB
343.702552 0.100921630859 0 0.100921630859 MB
343.702552 0.100921630859 0 0.100921630859 MB
343.702552 0.100921630859 0 0.100921630859 MB
343.702552 0.100921630859 0 0.100921630859 MB
343.702552 0.100921630859 0 0.100921630859 MB
343.702552 0.100921630859 0 0.100921630859 MB
343.702552 0.100921630859 0 0.100921630859 MB
343.702552 0.100921630859 0 0.100921630859 MB
343.702552 0.100921630859 0 0.100921630859 MB
343.702552 0.100921630859 0 0.100921630859 MB
343.702552 0.100921630859 0 0.100921630859 MB
343.702552 0.100921630859 0 0.100921630859 MB
343.702552 0.100921630859 0 0.100921630859 MB
343.702552 0.100921630859 0 0.100921630859 MB
343.702552 0.100921630859 0 0.100921630859 MB
343.702552 0.100921630859 0 0.100921630859 MB
343.702552 0.100921630859 0 0.100921630859 MB
343.702552 0.100921630859 0 0.100921630859 MB
343.702552 0.100921630859 0 0.100921630859 MB
343.702552 0.100921630859 0 0.100921630859 MB
343.702552 0.100921630859 0 0.100921630859 MB
343.702552 0.100921630859 0 0.100921630859 MB
343.702552 0.100921630859 0 0.100921630859 MB
343.702552 0.100921630859 0 0.100921630859 MB
343.702552 0.100921630859 0 0.100921630859 MB
343.702552 0.100921630859 0 0.100921630859 MB
343.702552 0.100921630859 0 0.100921630859 MB
343.702552 0.100921630859 0 0.100921630859 MB
343.702552 0.100921630859 0 0.100921630859 MB
343.702552 0.100921630859 0 0.100921630859 MB
343.702552 0.100921630859 0 0.100921630859 MB
343.702552 0.100921630859 0 0.100921630859 MB
343.702552 0.100921630859 0 0.100921630859 MB
343.702552 0.100921630859 0 0.100921630859 MB
343.702552 0.100921630859 0 0.100921630859 MB
343.702552 0.100921630859 0 0.100921630859 MB
343.702552 0.100921630859 0 0.100921630859 MB
343.702552 0.100921630859 0 0.100921630859 MB
343.702552 0.100921630859 0 0.100921630859 MB
343.702552 0.100921630859 0 0.100921630859 MB
343.702552 0.100921630859 0 0.100921630859 MB
343.702552 0.100921630859 0 0.100921630859 MB
343.702552 0.100921630859 0 0.100921630859 MB
343.702552 0.100921630859 0 0.100921630859 MB
343.702552 0.100921630859 0 0.100921630859 MB
343.702552 0.100921630859 0 0.100921630859 MB
343.702552 0.100921630859 0 0.100921630859 MB
343.702552 0.100921630859 0 0.100921630859 MB
343.702552 0.100921630859 0 0.100921630859 MB
343.702552 0.100921630859 0 0.100921630859 MB
343.702552 0.100921630859 0 0.100921630859 MB
343.702552 0.100921630859 0 0.100921630859 MB
343.702552 0.100921630859 0 0.100921630859 MB
343.702552 0.100921630859 0 0.100921630859 MB
343.702552 0.100921630859 0 0.100921630859 MB
343.702552 0.100921630859 0 0.100921630859 MB
343.702552 0.100921630859 0 0.100921630859 MB
343.702552 0.100921630859 0 0.100921630859 MB
343.702552 0.100921630859 0 0.100921630859 MB
343.702552 0.100921630859 0 0.100921630859 MB
343.702552 0.100921630859 0 0.100921630859 MB
343.702552 0.100921630859 0 0.100921630859 MB
343.702552 0.100921630859 0 0.100921630859 MB
343.702552 0.100921630859 0 0.100921630859 MB
343.702552 0.100921630859 0 0.100921630859 MB
343.702552 0.100921630859 0 0.100921630859 MB
343.702552 0.100921630859 0 0.100921630859 MB
343.702552 0.100921630859 0 0.100921630859 MB
343.702552 0.100921630859 0 0.100921630859 MB
343.702552 0.100921630859 0 0.100921630859 MB
343.702552 0.100921630859 0 0.100921630859 MB
343.702552 0.100921630859 0 0.100921630859 MB
343.702552 0.100921630859 0 0.100921630859 MB
343.702552 0.100921630859 0 0.100921630859 MB
343.702552 0.100921630859 0 0.100921630859 MB
343.702552 0.100921630859 0 0.100921630859 MB
343.702552 0.100921630859 0 0.100921630859 MB
343.702552 0.100921630859 0 0.100921630859 MB
343.702552 0.100921630859 0 0.100921630859 MB
343.702552 0.100921630859 0 0.100921630859 MB
343.702552 0.100921630859 0 0.100921630859 MB
343.702552 0.100921630859 0 0.100921630859 MB
343.702552 0.100921630859 0 0.100921630859 MB
343.702552 0.100921630859 0 0.100921630859 MB
343.702552 0.100921630859 0 0.100921630859 MB
343.702552 0.100921630859 0 0.100921630859 MB
343.702552 0.100921630859 0 0.100921630859 MB
343.702552 0.100921630859 0 0.100921630859 MB
343.702552 0.100921630859 0 0.100921630859 MB
343.702552 0.100921630859 0 0.100921630859 MB
343.702552 0.100921630859 0 0.100921630859 MB
343.702552 0.100921630859 0 0.100921630859 MB
343.702552 0.100921630859 0 0.100921630859 MB
343.702552 0.100921630859 0 0.100921630859 MB
343.702552 0.100921630859 0 0.100921630859 MB
343.702552 0.100921630859 0 0.100921630859 MB
343.702552 0.100921630859 0 0.100921630859 MB
343.702552 0.100921630859 0 0.100921630859 MB
343.702552 0.100921630859 0 0.100921630859 MB
343.702552 0.100921630859 0 0.100921630859 MB
343.702552 0.100921630859 0 0.100921630859 MB
343.702552 0.100921630859 0 0.100921630859 MB
343.702552 0.100921630859 0 0.100921630859 MB
343.702552 0.100921630859 0 0.100921630859 MB
343.702552 0.100921630859 0 0.100921630859 MB
343.702552 0.100921630859 0 0.100921630859 MB
343.702552 0.100921630859 0 0.100921630859 MB
343.702552 0.100921630859 0 0.100921630859 MB
343.702552 0.100921630859 0 0.100921630859 MB
343.702552 0.100921630859 0 0.100921630859 MB
343.702552 0.100921630859 0 0.100921630859 MB
343.702552 0.100921630859 0 0.100921630859 MB
343.702552 0.100921630859 0 0.100921630859 MB
343.702552 0.100921630859 0 0.100921630859 MB
343.702552 0.100921630859 0 0.100921630859 MB
343.702552 0.100921630859 0 0.100921630859 MB
343.702552 0.100921630859 0 0.100921630859 MB
343.702552 0.100921630859 0 0.100921630859 MB
343.702552 0.100921630859 0 0.100921630859 MB
343.702552 0.100921630859 0 0.100921630859 MB
343.702552 0.100921630859 0 0.100921630859 MB
343.702552 0.100921630859 0 0.100921630859 MB
343.702552 0.100921630859 0 0.100921630859 MB
343.702552 0.100921630859 0 0.100921630859 MB
343.702552 0.100921630859 0 0.100921630859 MB
343.702552 0.100921630859 0 0.100921630859 MB
343.702552 0.100921630859 0 0.100921630859 MB
343.702552 0.100921630859 0 0.100921630859 MB
343.702552 0.100921630859 0 0.100921630859 MB
343.702552 0.100921630859 0 0.100921630859 MB
343.702552 0.100921630859 0 0.100921630859 MB
343.702552 0.100921630859 0 0.100921630859 MB
343.702552 0.100921630859 0 0.100921630859 MB
343.702552 0.100921630859 0 0.100921630859 MB
343.702552 0.100921630859 0 0.100921630859 MB
343.702552 0.100921630859 0 0.100921630859 MB
343.702552 0.100921630859 0 0.100921630859 MB
343.702552 0.100921630859 0 0.100921630859 MB
343.702552 0.100921630859 0 0.100921630859 MB
343.702552 0.100921630859 0 0.100921630859 MB
343.702552 0.100921630859 0 0.100921630859 MB
343.702552 0.100921630859 0 0.100921630859 MB
343.702552 0.100921630859 0 0.100921630859 MB
343.702552 0.100921630859 0 0.100921630859 MB
343.702552 0.100921630859 0 0.100921630859 MB
343.702552 0.100921630859 0 0.100921630859 MB
343.702552 0.100921630859 0 0.100921630859 MB
343.702552 0.100921630859 0 0.100921630859 MB
343.702552 0.100921630859 0 0.100921630859 MB
343.702552 0.100921630859 0 0.100921630859 MB
343.702552 0.100921630859 0 0.100921630859 MB
343.702552 0.100921630859 0 0.100921630859 MB
344.324818 0.100921630859 0 0.100921630859 MB
344.324818 0.100921630859 0 0.100921630859 MB
344.324818 0.100921630859 0 0.100921630859 MB
344.324818 0.100921630859 0 0.100921630859 MB
344.324818 0.100921630859 0 0.100921630859 MB
344.324818 0.100921630859 0 0.100921630859 MB
344.324818 0.100921630859 0 0.100921630859 MB
344.324818 0.100921630859 0 0.100921630859 MB
344.324818 0.100921630859 0 0.100921630859 MB
344.324818 0.100921630859 0 0.100921630859 MB
344.324818 0.100921630859 0 0.100921630859 MB
344.324818 0.100921630859 0 0.100921630859 MB
344.324818 0.100921630859 0 0.100921630859 MB
344.324818 0.100921630859 0 0.100921630859 MB
344.324818 0.100921630859 0 0.100921630859 MB
344.324818 0.100921630859 0 0.100921630859 MB
344.324818 0.100921630859 0 0.100921630859 MB
344.324818 0.100921630859 0 0.100921630859 MB
344.324818 0.100921630859 0 0.100921630859 MB
344.324818 0.100921630859 0 0.100921630859 MB
344.324818 0.100921630859 0 0.100921630859 MB
344.324818 0.100921630859 0 0.100921630859 MB
344.324818 0.100921630859 0 0.100921630859 MB
344.324818 0.100921630859 0 0.100921630859 MB
344.324818 0.100921630859 0 0.100921630859 MB
344.324818 0.100921630859 0 0.100921630859 MB
344.324818 0.100921630859 0 0.100921630859 MB
344.324818 0.100921630859 0 0.100921630859 MB
344.324818 0.100921630859 0 0.100921630859 MB
344.324818 0.100921630859 0 0.100921630859 MB
344.324818 0.100921630859 0 0.100921630859 MB
344.324818 0.100921630859 0 0.100921630859 MB
344.324818 0.100921630859 0 0.100921630859 MB
344.324818 0.100921630859 0 0.100921630859 MB
344.324818 0.100921630859 0 0.100921630859 MB
344.324818 0.100921630859 0 0.100921630859 MB
344.324818 0.100921630859 0 0.100921630859 MB
344.324818 0.100921630859 0 0.100921630859 MB
344.324818 0.100921630859 0 0.100921630859 MB
344.324818 0.100921630859 0 0.100921630859 MB
344.324818 0.100921630859 0 0.100921630859 MB
344.324818 0.100921630859 0 0.100921630859 MB
344.324818 0.100921630859 0 0.100921630859 MB
344.324818 0.100921630859 0 0.100921630859 MB
344.324818 0.100921630859 0 0.100921630859 MB
344.324818 0.100921630859 0 0.100921630859 MB
344.324818 0.100921630859 0 0.100921630859 MB
344.324818 0.100921630859 0 0.100921630859 MB
344.324818 0.100921630859 0 0.100921630859 MB
344.324818 0.100921630859 0 0.100921630859 MB
344.324818 0.100921630859 0 0.100921630859 MB
344.324818 0.100921630859 0 0.100921630859 MB
344.324818 0.100921630859 0 0.100921630859 MB
344.324818 0.100921630859 0 0.100921630859 MB
344.324818 0.100921630859 0 0.100921630859 MB
344.324818 0.100921630859 0 0.100921630859 MB
344.324818 0.100921630859 0 0.100921630859 MB
344.324818 0.100921630859 0 0.100921630859 MB
344.324818 0.100921630859 0 0.100921630859 MB
344.324818 0.100921630859 0 0.100921630859 MB
344.324818 0.100921630859 0 0.100921630859 MB
344.324818 0.100921630859 0 0.100921630859 MB
344.324818 0.100921630859 0 0.100921630859 MB
344.324818 0.100921630859 0 0.100921630859 MB
344.324818 0.100921630859 0 0.100921630859 MB
344.324818 0.100921630859 0 0.100921630859 MB
344.324818 0.100921630859 0 0.100921630859 MB
344.324818 0.100921630859 0 0.100921630859 MB
344.324818 0.100921630859 0 0.100921630859 MB
344.324818 0.100921630859 0 0.100921630859 MB
344.324818 0.100921630859 0 0.100921630859 MB
344.324818 0.100921630859 0 0.100921630859 MB
344.324818 0.100921630859 0 0.100921630859 MB
344.324818 0.100921630859 0 0.100921630859 MB
344.324818 0.100921630859 0 0.100921630859 MB
344.324818 0.100921630859 0 0.100921630859 MB
344.324818 0.100921630859 0 0.100921630859 MB
344.324818 0.100921630859 0 0.100921630859 MB
344.324818 0.100921630859 0 0.100921630859 MB
344.324818 0.100921630859 0 0.100921630859 MB
344.324818 0.100921630859 0 0.100921630859 MB
344.324818 0.100921630859 0 0.100921630859 MB
344.324818 0.100921630859 0 0.100921630859 MB
344.324818 0.100921630859 0 0.100921630859 MB
344.324818 0.100921630859 0 0.100921630859 MB
344.324818 0.100921630859 0 0.100921630859 MB
344.324818 0.100921630859 0 0.100921630859 MB
344.324818 0.100921630859 0 0.100921630859 MB
344.324818 0.100921630859 0 0.100921630859 MB
344.324818 0.100921630859 0 0.100921630859 MB
344.324818 0.100921630859 0 0.100921630859 MB
344.324818 0.100921630859 0 0.100921630859 MB
344.324818 0.100921630859 0 0.100921630859 MB
344.324818 0.100921630859 0 0.100921630859 MB
344.324818 0.100921630859 0 0.100921630859 MB
344.324818 0.100921630859 0 0.100921630859 MB
344.324818 0.100921630859 0 0.100921630859 MB
344.324818 0.100921630859 0 0.100921630859 MB
344.324818 0.100921630859 0 0.100921630859 MB
344.324818 0.100921630859 0 0.100921630859 MB
344.324818 0.100921630859 0 0.100921630859 MB
344.324818 0.100921630859 0 0.100921630859 MB
344.324818 0.100921630859 0 0.100921630859 MB
344.324818 0.100921630859 0 0.100921630859 MB
344.324818 0.100921630859 0 0.100921630859 MB
344.324818 0.100921630859 0 0.100921630859 MB
344.324818 0.100921630859 0 0.100921630859 MB
344.324818 0.100921630859 0 0.100921630859 MB
344.324818 0.100921630859 0 0.100921630859 MB
344.324818 0.100921630859 0 0.100921630859 MB
344.324818 0.100921630859 0 0.100921630859 MB
344.324818 0.100921630859 0 0.100921630859 MB
344.324818 0.100921630859 0 0.100921630859 MB
344.324818 0.100921630859 0 0.100921630859 MB
344.324818 0.100921630859 0 0.100921630859 MB
344.324818 0.100921630859 0 0.100921630859 MB
344.324818 0.100921630859 0 0.100921630859 MB
344.324818 0.100921630859 0 0.100921630859 MB
344.324818 0.100921630859 0 0.100921630859 MB
344.324818 0.100921630859 0 0.100921630859 MB
344.324818 0.100921630859 0 0.100921630859 MB
344.324818 0.100921630859 0 0.100921630859 MB
344.324818 0.100921630859 0 0.100921630859 MB
344.324818 0.100921630859 0 0.100921630859 MB
344.324818 0.100921630859 0 0.100921630859 MB
344.324818 0.100921630859 0 0.100921630859 MB
344.324818 0.100921630859 0 0.100921630859 MB
344.324818 0.100921630859 0 0.100921630859 MB
344.324818 0.100921630859 0 0.100921630859 MB
344.324818 0.100921630859 0 0.100921630859 MB
344.324818 0.100921630859 0 0.100921630859 MB
344.324818 0.100921630859 0 0.100921630859 MB
344.324818 0.100921630859 0 0.100921630859 MB
344.324818 0.100921630859 0 0.100921630859 MB
344.324818 0.100921630859 0 0.100921630859 MB
344.324818 0.100921630859 0 0.100921630859 MB
344.324818 0.100921630859 0 0.100921630859 MB
344.324818 0.100921630859 0 0.100921630859 MB
344.324818 0.100921630859 0 0.100921630859 MB
344.324818 0.100921630859 0 0.100921630859 MB
344.324818 0.100921630859 0 0.100921630859 MB
344.324818 0.100921630859 0 0.100921630859 MB
344.324818 0.100921630859 0 0.100921630859 MB
344.324818 0.100921630859 0 0.100921630859 MB
344.324818 0.100921630859 0 0.100921630859 MB
344.324818 0.100921630859 0 0.100921630859 MB
344.324818 0.100921630859 0 0.100921630859 MB
344.324818 0.100921630859 0 0.100921630859 MB
344.324818 0.100921630859 0 0.100921630859 MB
344.324818 0.100921630859 0 0.100921630859 MB
344.324818 0.100921630859 0 0.100921630859 MB
344.324818 0.100921630859 0 0.100921630859 MB
344.324818 0.100921630859 0 0.100921630859 MB
344.324818 0.100921630859 0 0.100921630859 MB
344.324818 0.100921630859 0 0.100921630859 MB
344.324818 0.100921630859 0 0.100921630859 MB
344.324818 0.100921630859 0 0.100921630859 MB
344.324818 0.100921630859 0 0.100921630859 MB
344.324818 0.100921630859 0 0.100921630859 MB
344.324818 0.100921630859 0 0.100921630859 MB
344.324818 0.100921630859 0 0.100921630859 MB
344.324818 0.100921630859 0 0.100921630859 MB
344.324818 0.100921630859 0 0.100921630859 MB
344.324818 0.100921630859 0 0.100921630859 MB
344.324818 0.100921630859 0 0.100921630859 MB
344.324818 0.100921630859 0 0.100921630859 MB
