341 130.02425766 130.033065796
342 130.02425766 130.033065796
343 130.02425766 130.033065796
344 130.02425766 130.033065796
345 130.02425766 130.033065796
346 130.02425766 130.033065796
347 130.02425766 130.033065796
348 130.02425766 130.033065796
349 130.02425766 130.033065796
350 130.02425766 130.033065796
351 130.02425766 130.033065796
352 133.590236664 133.5990448
353 133.605876923 133.614685059
354 133.605876923 133.614685059
355 133.621517182 133.630325318
356 133.621517182 133.630325318
357 133.621517182 133.630325318
358 133.621517182 133.630325318
359 133.621517182 133.630325318
360 133.601327897 133.630325318
361 133.601327897 133.630325318
362 133.601327897 133.630325318
363 133.601327897 133.630325318
364 133.601327897 133.630325318
365 133.601327897 133.630325318
366 133.601327897 133.630325318
367 133.601327897 133.630325318
368 133.601327897 133.630325318
369 133.601327897 133.630325318
370 133.601327897 133.630325318
371 134.242578506 134.271575928
372 135.462518692 135.491516114
373 135.462518692 135.491516114
374 135.462518692 135.491516114
375 135.462518692 135.491516114
376 135.462518692 135.491516114
377 135.462518692 135.491516114
378 135.462518692 135.491516114
379 135.462518692 135.491516114
380 135.462518692 135.491516114
381 135.462518692 135.491516114
382 135.462518692 135.491516114
383 135.462518692 135.491516114
384 135.462518692 135.491516114
385 135.462518692 135.491516114
386 135.462518692 135.491516114
387 137.1673069 137.196304322
388 137.182947159 137.21194458
389 137.214227677 137.243225098
390 131.946790696 137.243225098
391 131.946790696 137.243225098
392 131.946790696 137.243225098
393 131.946790696 137.243225098
394 131.946790696 137.243225098
395 131.946790696 137.243225098
396 131.946790696 137.243225098
397 131.946790696 137.243225098
398 131.946790696 137.243225098
399 131.946790696 137.243225098
400 132.728803635 138.025238037
401 132.728803635 138.025238037
402 132.728803635 138.025238037
403 132.728803635 138.025238037
404 132.728803635 138.025238037
405 132.744443893 138.040878296
406 132.744443893 138.040878296
407 132.744443893 138.040878296
408 133.714139938 139.010574341
409 133.714139938 139.010574341
410 133.745420456 139.041854858
411 133.745420456 139.041854858
412 133.745420456 139.041854858
413 133.745420456 139.041854858
414 133.745420456 139.041854858
415 133.745420456 139.041854858
416 133.745420456 139.041854858
417 134.699476242 139.995910644
418 134.715116501 140.011550903
419 134.715116501 140.011550903
420 134.708978653 140.011550903
421 134.708978653 140.011550903
422 134.708978653 140.011550903
423 134.708978653 140.011550903
424 134.708978653 140.011550903
425 134.708978653 140.011550903
426 136.460687637 141.763259888
427 136.460687637 141.763259888
428 136.460687637 141.763259888
429 136.460687637 141.763259888
430 136.460687637 141.763259888
431 136.460687637 141.763259888
432 136.460687637 141.763259888
433 136.476327896 141.778900146
434 136.476327896 141.778900146
435 136.476327896 141.778900146
436 136.476327896 141.778900146
437 136.491968155 141.794540405
438 136.491968155 141.794540405
439 136.491968155 141.794540405
440 137.680627823 142.983200073
441 137.680627823 142.983200073
442 137.680627823 142.983200073
443 137.680627823 142.983200073
444 137.680627823 142.983200073
445 137.680627823 142.983200073
446 137.680627823 142.983200073
447 137.680627823 142.983200073
448 137.71190834 143.01448059
449 137.71190834 143.01448059
450 137.71182251 143.01448059
451 137.71182251 143.01448059
452 137.71182251 143.01448059
453 137.71182251 143.01448059
454 137.71182251 143.01448059
455 138.22795105 143.53060913
456 138.243591308 143.546249389
457 138.243591308 143.546249389
458 138.243591308 143.546249389
459 138.243591308 143.546249389
460 138.243591308 143.546249389
461 138.572036743 143.874694824
462 138.572036743 143.874694824
463 138.572036743 143.874694824
464 138.572036743 143.874694824
465 138.572036743 143.874694824
466 139.095647812 144.390823364
467 139.095647812 144.390823364
468 139.095647812 144.390823364
469 139.095647812 144.390823364
470 139.111288071 144.406463623
471 139.517934799 144.813110352
472 139.517934799 144.813110352
473 139.517934799 144.813110352
474 139.517934799 144.813110352
475 139.517934799 144.813110352
476 140.147451401 145.442626953
477 140.178731919 145.473907471
478 140.178731919 145.473907471
479 140.178731919 145.473907471
480 140.178613663 145.473907471
481 140.178613663 145.473907471
482 141.054468155 146.349761962
483 141.054468155 146.349761962
484 141.054468155 146.349761962
485 141.054468155 146.349761962
486 141.054468155 146.349761962
487 141.132669449 146.427963256
488 141.132669449 146.427963256
489 141.132669449 146.427963256
490 141.132669449 146.427963256
491 141.132669449 146.427963256
492 141.648797989 146.944091796
493 141.648797989 146.944091796
494 141.648797989 146.944091796
495 141.648797989 146.944091796
496 141.648797989 146.944091796
497 142.399530411 147.694824218
498 142.41517067 147.710464477
499 142.430810929 147.726104736
500 142.430810929 147.726104736
501 142.430810929 147.726104736
502 142.462091446 147.757385254
503 142.462091446 147.757385254
504 142.462091446 147.757385254
505 142.462091446 147.757385254
506 143.040781022 148.336074829
507 143.05642128 148.351715088
508 143.05642128 148.351715088
509 143.05642128 148.351715088
510 143.055101395 148.351715088
511 143.055101395 148.351715088
512 143.586870193 148.883483887
513 143.586870193 148.883483887
514 143.586870193 148.883483887
515 143.586870193 148.883483887
516 143.586870193 148.883483887
517 144.02479744 149.321411133
518 144.462724686 149.759338379
519 144.462724686 149.759338379
520 144.462724686 149.759338379
521 144.462724686 149.759338379
522 144.462724686 149.759338379
523 144.603487015 149.900100708
524 144.603487015 149.900100708
525 144.603487015 149.900100708
526 144.619127274 149.915740967
527 144.619127274 149.915740967
528 145.088335037 150.384948731
529 145.088335037 150.384948731
530 145.088335037 150.384948731
531 145.088335037 150.384948731
532 145.088335037 150.384948731
533 145.69830513 150.994918824
534 145.713945389 151.010559082
535 145.713945389 151.010559082
536 145.713945389 151.010559082
537 145.713945389 151.010559082
538 146.198793412 151.495407104
539 146.198793412 151.495407104
540 146.129278183 151.495407104
541 146.129278183 151.495407104
542 146.129278183 151.495407104
543 146.129278183 151.495407104
544 146.661046981 152.027175903
545 146.661046981 152.027175903
546 146.661046981 152.027175903
547 146.661046981 152.027175903
548 146.661046981 152.027175903
549 147.239736557 152.605865478
550 147.239736557 152.605865478
551 147.239736557 152.605865478
552 147.239736557 152.605865478
553 147.239736557 152.605865478
554 147.708944321 153.075073242
555 147.72458458 153.090713501
556 147.72458458 153.090713501
557 147.72458458 153.090713501
558 147.72458458 153.090713501
559 148.162511826 153.528640747
560 148.162511826 153.528640747
561 148.162511826 153.528640747
562 148.162511826 153.528640747
563 148.162511826 153.528640747
564 148.647359848 154.01348877
565 148.647359848 154.01348877
566 148.647359848 154.01348877
567 148.663000107 154.029129029
568 148.663000107 154.029129029
569 149.210409165 154.576538086
570 134.495267868 154.576538086
571 134.495267868 154.576538086
572 134.495267868 154.576538086
573 134.495267868 154.576538086
574 134.980115891 155.061386109
575 134.980115891 155.061386109
576 134.980115891 155.061386109
577 134.980115891 155.061386109
578 134.99575615 155.077026367
579 134.99575615 155.077026367
580 135.51188469 155.593154907
581 135.51188469 155.593154907
582 135.51188469 155.593154907
583 135.51188469 155.593154907
584 135.51188469 155.593154907
585 136.121854783 156.203125
586 136.200056076 156.281326294
587 136.200056076 156.281326294
588 136.200056076 156.281326294
589 136.200056076 156.281326294
590 136.200056076 156.281326294
591 136.684904099 156.766174317
592 136.684904099 156.766174317
593 136.684904099 156.766174317
594 136.684904099 156.766174317
595 136.700544358 156.781814575
596 136.700544358 156.781814575
597 137.31051445 157.391784668
598 137.31051445 157.391784668
599 137.31051445 157.391784668
600 137.310089111 157.391784668
601 137.310089111 157.391784668
602 137.310089111 157.391784668
603 137.84185791 157.923553466
604 137.84185791 157.923553466
605 137.84185791 157.923553466
606 137.857498169 157.939193725
607 137.857498169 157.939193725
608 138.467468262 158.549163818
609 138.467468262 158.549163818
610 138.467468262 158.549163818
611 138.467468262 158.549163818
612 138.467468262 158.549163818
613 138.467468262 158.549163818
614 138.874114991 158.955810547
615 138.874114991 158.955810547
616 138.874114991 158.955810547
617 138.874114991 158.955810547
618 138.874114991 158.955810547
619 139.358963013 159.440658569
620 139.358963013 159.440658569
621 139.358963013 159.440658569
622 139.374603272 159.456298828
623 139.374603272 159.456298828
624 139.890731812 159.972427368
625 139.890731812 159.972427368
626 139.890731812 159.972427368
627 139.890731812 159.972427368
628 139.890731812 159.972427368
629 140.531982422 160.613677978
630 135.232501984 160.629318237
631 135.232501984 160.629318237
632 135.232501984 160.629318237
633 135.232501984 160.629318237
634 135.232501984 160.629318237
635 135.764270783 161.161087036
636 135.764270783 161.161087036
637 135.764270783 161.161087036
638 135.764270783 161.161087036
639 135.764270783 161.161087036
640 135.764270783 161.161087036
641 136.268665314 161.665481568
642 136.268665314 161.665481568
643 136.268665314 161.665481568
644 136.268665314 161.665481568
645 136.268665314 161.665481568
646 136.784793854 162.181610108
647 136.784793854 162.181610108
648 136.784793854 162.181610108
649 136.800434113 162.197250367
650 136.800434113 162.197250367
651 136.800434113 162.197250367
652 137.238361359 162.635177613
653 137.238361359 162.635177613
654 137.238361359 162.635177613
655 137.238361359 162.635177613
656 137.238361359 162.635177613
657 137.723209382 163.120025635
658 137.723209382 163.120025635
659 137.723209382 163.120025635
660 137.738645554 163.135665893
661 137.738645554 163.135665893
662 138.300304413 163.683074951
663 138.300304413 163.683074951
664 138.300304413 163.683074951
665 138.300304413 163.683074951
666 138.300304413 163.683074951
667 138.84771347 164.230484008
668 138.84771347 164.230484008
669 138.84771347 164.230484008
670 138.84771347 164.230484008
671 138.84771347 164.230484008
672 138.84771347 164.230484008
673 139.488964081 164.871734619
674 139.488964081 164.871734619
675 139.488964081 164.871734619
676 139.50460434 164.887374878
677 139.50460434 164.887374878
678 139.989452362 165.3722229
679 140.005092621 165.387863159
680 140.005092621 165.387863159
681 140.005092621 165.387863159
682 140.005092621 165.387863159
683 140.005092621 165.387863159
684 140.583782196 165.966552734
685 140.583782196 165.966552734
686 140.583782196 165.966552734
687 140.583782196 165.966552734
688 140.599422454 165.982192993
689 140.599422454 165.982192993
690 135.743459701 166.498321533
691 135.743459701 166.498321533
692 135.743459701 166.498321533
693 135.743459701 166.498321533
694 135.743459701 166.498321533
695 136.134466171 166.889328003
696 136.134466171 166.889328003
697 136.134466171 166.889328003
698 136.134466171 166.889328003
699 136.134466171 166.889328003
700 136.650594711 167.405456543
701 136.650594711 167.405456543
702 136.650594711 167.405456543
703 136.650594711 167.405456543
704 136.650594711 167.405456543
705 137.401327133 168.156188965
706 137.448247909 168.203109742
707 137.448247909 168.203109742
708 137.448247909 168.203109742
709 137.448247909 168.203109742
710 137.448247909 168.203109742
711 138.011297226 168.766159058
712 138.011297226 168.766159058
713 138.011297226 168.766159058
714 138.026937485 168.781799316
715 138.026937485 168.781799316
716 138.589986801 169.344848632
717 138.589986801 169.344848632
718 138.589986801 169.344848632
719 138.589986801 169.344848632
720 138.589174271 169.344848632
721 139.292985916 170.048660278
722 139.324266434 170.079940795
723 139.324266434 170.079940795
724 139.324266434 170.079940795
725 139.324266434 170.079940795
726 139.902956009 170.658630371
727 139.918596267 170.67427063
728 139.918596267 170.67427063
729 139.918596267 170.67427063
730 139.918596267 170.67427063
731 140.52856636 171.284240722
732 140.52856636 171.284240722
733 140.52856636 171.284240722
734 140.52856636 171.284240722
735 140.52856636 171.284240722
736 141.154176712 171.909851074
737 141.154176712 171.909851074
738 141.154176712 171.909851074
739 141.154176712 171.909851074
740 141.154176712 171.909851074
741 141.740158081 172.488540649
742 141.740158081 172.488540649
743 141.75579834 172.504180908
744 141.75579834 172.504180908
745 141.75579834 172.504180908
746 142.553451538 173.301834106
747 142.553451538 173.301834106
748 142.553451538 173.301834106
749 142.553451538 173.301834106
750 142.553249359 173.301834106
751 143.17885971 173.927444458
752 143.210140228 173.958724976
753 143.210140228 173.958724976
754 143.210140228 173.958724976
755 143.210140228 173.958724976
756 143.820110321 174.568695068
757 143.820110321 174.568695068
758 143.820110321 174.568695068
759 143.820110321 174.568695068
760 143.820110321 174.568695068
761 144.523921966 175.272506714
762 144.523921966 175.272506714
763 144.523921966 175.272506714
764 144.523921966 175.272506714
765 144.523921966 175.272506714
766 145.133892059 175.882476807
767 145.149532318 175.898117066
768 145.149532318 175.898117066
769 145.149532318 175.898117066
770 145.149532318 175.898117066
771 145.837703705 176.586288453
772 145.837703705 176.586288453
773 145.837703705 176.586288453
774 145.837703705 176.586288453
775 145.837703705 176.586288453
776 146.54151535 177.290100098
777 146.572795868 177.321380616
778 146.572795868 177.321380616
779 146.572795868 177.321380616
780 146.572429657 177.321380616
781 147.389629364 178.138580323
782 147.420909882 178.16986084
783 147.420909882 178.16986084
784 147.420909882 178.16986084
785 147.420909882 178.16986084
786 147.905757905 178.654708862
787 147.952678681 178.701629639
788 147.952678681 178.701629639
789 147.952678681 178.701629639
790 147.952678681 178.701629639
791 148.765972138 179.514923096
792 148.781612397 179.530563354
793 148.781612397 179.530563354
794 148.781612397 179.530563354
795 148.781612397 179.530563354
796 148.781612397 179.530563354
797 149.266460419 180.015411377
798 149.282100677 180.031051636
799 149.282100677 180.031051636
800 149.282100677 180.031051636
801 149.282100677 180.031051636
802 149.98244667 180.719223022
803 149.998086929 180.734863281
804 149.998086929 180.734863281
805 149.998086929 180.734863281
806 149.998086929 180.734863281
807 150.748819351 181.485595703
808 150.780099869 181.516876221
809 150.780099869 181.516876221
810 150.779512406 181.516876221
811 150.779512406 181.516876221
812 150.779512406 181.516876221
813 151.405122757 182.142486572
814 151.405122757 182.142486572
815 151.405122757 182.142486572
816 151.405122757 182.142486572
817 151.405122757 182.142486572
818 151.98009491 182.705535889
819 152.058296204 182.783737183
820 152.058296204 182.783737183
821 152.058296204 182.783737183
822 152.058296204 182.783737183
823 152.636985779 183.362426758
824 152.636985779 183.362426758
825 152.636985779 183.362426758
826 152.636985779 183.362426758
827 152.636985779 183.362426758
828 153.356437683 184.081878662
829 153.356437683 184.081878662
830 153.356437683 184.081878662
831 153.356437683 184.081878662
832 153.356437683 184.081878662
833 153.950767517 184.676208496
834 153.982048034 184.707489013
835 153.982048034 184.707489013
836 153.982048034 184.707489013
837 153.982048034 184.707489013
838 154.584287643 185.301818847
839 154.584287643 185.301818847
840 139.400577546 185.301818847
841 139.400577546 185.301818847
842 139.400577546 185.301818847
843 139.947986603 185.849227905
844 139.99490738 185.896148681
845 139.99490738 185.896148681
846 139.99490738 185.896148681
847 139.99490738 185.896148681
848 140.604877472 186.506118774
849 140.604877472 186.506118774
850 140.604877472 186.506118774
851 140.62051773 186.521759033
852 140.62051773 186.521759033
853 141.324329376 187.225570679
854 141.322393417 187.20993042
855 141.322393417 187.20993042
856 141.322393417 187.20993042
857 141.322393417 187.20993042
858 141.926570892 187.788619995
859 141.926570892 187.788619995
860 141.926570892 187.788619995
861 141.926570892 187.788619995
862 141.926570892 187.788619995
863 141.926570892 187.788619995
864 142.505260467 188.36730957
865 142.505260467 188.36730957
866 142.520900726 188.382949829
867 142.520900726 188.382949829
868 143.224712372 189.086761475
869 143.255992889 189.118041992
870 140.204113007 189.118041992
871 140.204113007 189.118041992
872 140.204113007 189.118041992
873 140.204113007 189.118041992
874 140.923564911 189.837493897
875 140.923564911 189.837493897
876 140.923564911 189.837493897
877 140.923564911 189.837493897
878 140.923564911 189.837493897
879 141.482915878 190.384902954
880 141.482915878 190.384902954
881 141.482915878 190.384902954
882 141.482915878 190.384902954
883 141.482915878 190.384902954
884 142.15366745 191.041793824
885 142.15366745 191.041793824
886 142.15366745 191.041793824
887 142.15366745 191.041793824
888 142.15366745 191.041793824
889 142.778387069 191.651763916
890 142.778387069 191.651763916
891 142.778387069 191.651763916
892 142.794027328 191.667404174
893 142.794027328 191.667404174
894 143.482198715 192.355575561
895 143.482198715 192.355575561
896 143.482198715 192.355575561
897 143.482198715 192.355575561
898 143.482198715 192.355575561
899 144.186010361 193.059387207
900 140.935871125 193.106307984
901 140.935871125 193.106307984
902 140.935871125 193.106307984
903 140.935871125 193.106307984
904 140.935871125 193.106307984
905 141.50282669 193.67326355
906 141.50282669 193.67326355
907 141.50282669 193.67326355
908 141.50282669 193.67326355
909 141.50282669 193.67326355
910 142.079549789 194.236312866
911 142.079549789 194.236312866
912 142.079549789 194.236312866
913 142.079549789 194.236312866
914 142.767721176 194.924484252
915 142.767721176 194.924484252
916 142.767721176 194.924484252
917 142.767721176 194.924484252
918 142.783361435 194.940124511
919 143.362901688 195.503173828
920 143.362901688 195.503173828
921 143.362901688 195.503173828
922 143.362901688 195.503173828
923 143.362901688 195.503173828
924 144.051073074 196.191345215
925 144.051073074 196.191345215
926 144.051073074 196.191345215
927 144.051073074 196.191345215
928 144.051073074 196.191345215
929 144.707963943 196.848236084
930 144.706289291 196.848236084
931 144.706289291 196.848236084
932 144.72192955 196.863876343
933 144.72192955 196.863876343
934 145.390861512 197.520767212
935 145.390861512 197.520767212
936 145.390861512 197.520767212
937 145.390861512 197.520767212
938 145.390861512 197.520767212
939 146.016471863 198.146377563
940 146.016471863 198.146377563
941 146.016471863 198.146377563
942 146.016471863 198.146377563
943 146.016471863 198.146377563
944 146.667743683 198.787628174
945 146.667743683 198.787628174
946 146.667743683 198.787628174
947 146.683383941 198.803268433
948 146.683383941 198.803268433
949 147.274913787 199.381958008
950 147.290554046 199.397598267
951 147.290554046 199.397598267
952 147.290554046 199.397598267
953 147.290554046 199.397598267
954 147.994365692 200.101409912
955 147.994365692 200.101409912
956 147.994365692 200.101409912
957 147.994365692 200.101409912
958 147.994365692 200.101409912
959 148.66689682 200.77394104
960 142.207315445 200.77394104
961 142.207315445 200.77394104
962 142.222955703 200.789581299
963 142.222955703 200.789581299
964 142.830778122 201.383911133
965 142.84641838 201.399551392
966 142.84641838 201.399551392
967 142.84641838 201.399551392
968 142.84641838 201.399551392
969 142.84641838 201.399551392
970 143.559963226 202.087722778
971 143.559963226 202.087722778
972 143.559963226 202.087722778
973 143.559963226 202.087722778
974 143.559963226 202.087722778
975 144.166913986 202.682052612
976 144.166913986 202.682052612
977 144.166913986 202.682052612
978 144.166913986 202.682052612
979 144.166913986 202.682052612
980 144.745603561 203.260742187
981 144.76124382 203.276382446
982 144.76124382 203.276382446
983 144.76124382 203.276382446
984 144.76124382 203.276382446
985 145.586244583 204.089675903
986 145.586244583 204.089675903
987 145.586244583 204.089675903
988 145.586244583 204.089675903
989 145.601884842 204.105316162
990 145.601884842 204.105316162
991 146.368257523 204.871688843
992 146.366508484 204.856048584
993 146.366508484 204.856048584
994 146.366508484 204.856048584
995 146.366508484 204.856048584
996 146.366508484 204.856048584
997 146.977798462 205.450378418
998 146.977798462 205.450378418
999 146.977798462 205.450378418
1000 146.977798462 205.450378418
1001 146.993438721 205.466018677
1002 147.681610108 206.154190064
1003 147.681610108 206.154190064
1004 147.681610108 206.154190064
1005 147.681610108 206.154190064
1006 147.681610108 206.154190064
1007 148.307220459 206.779800415
1008 148.322860718 206.795440674
1009 148.322860718 206.795440674
1010 148.322860718 206.795440674
1011 148.322860718 206.795440674
1012 148.322860718 206.795440674
1013 149.046680451 207.499252319
1014 149.046680451 207.499252319
1015 149.046680451 207.499252319
1016 149.046680451 207.499252319
1017 149.06232071 207.514892578
1018 149.82869339 208.281265259
1019 149.82869339 208.281265259
1020 143.569612503 208.281265259
1021 143.569612503 208.281265259
1022 143.569612503 208.281265259
1023 143.569612503 208.281265259
1024 144.216705322 208.922515869
1025 144.232345581 208.938156127
1026 144.232345581 208.938156127
1027 144.232345581 208.938156127
1028 144.232345581 208.938156127
1029 145.030324936 209.724075317
1030 145.030324936 209.724075317
1031 145.030324936 209.724075317
1032 145.030324936 209.724075317
1033 145.045965195 209.739715576
1034 145.045965195 209.739715576
1035 145.671575546 210.365325927
1036 145.671575546 210.365325927
1037 145.671575546 210.365325927
1038 145.671575546 210.365325927
1039 145.671575546 210.365325927
1040 145.671575546 210.365325927
1041 146.344106674 211.037857055
1042 146.344106674 211.037857055
1043 146.344106674 211.037857055
1044 146.344106674 211.037857055
1045 146.359746933 211.053497314
1046 147.057075501 211.741668701
1047 147.057075501 211.741668701
1048 147.057075501 211.741668701
1049 147.057075501 211.741668701
1050 147.055971146 211.741668701
1051 147.055971146 211.741668701
1052 147.634660721 212.320358276
1053 147.634660721 212.320358276
1054 147.634660721 212.320358276
1055 147.634660721 212.320358276
1056 147.634660721 212.320358276
1057 148.313137055 212.977249145
1058 148.313137055 212.977249145
1059 148.313137055 212.977249145
1060 148.328777314 212.992889404
1061 148.328777314 212.992889404
1062 148.917182923 213.57157898
1063 148.917182923 213.57157898
1064 148.917182923 213.57157898
1065 148.917182923 213.57157898
1066 148.917182923 213.57157898
1067 148.917182923 213.57157898
1068 149.504940033 214.150268555
1069 149.504940033 214.150268555
1070 149.504940033 214.150268555
1071 149.504940033 214.150268555
1072 149.504940033 214.150268555
1073 150.333471299 214.963562012
1074 150.333471299 214.963562012
1075 150.333471299 214.963562012
1076 150.349111557 214.979202271
1077 150.349111557 214.979202271
1078 150.349111557 214.979202271
1079 150.983854293 215.604812622
1080 144.67483902 215.604812622
1081 144.67483902 215.604812622
1082 144.67483902 215.604812622
1083 144.67483902 215.604812622
1084 145.363010407 216.292984009
1085 145.816577912 216.746551514
1086 145.816577912 216.746551514
1087 145.816577912 216.746551514
1088 145.83221817 216.762191772
1089 145.83221817 216.762191772
1090 145.972980499 216.902954101
1091 145.972980499 216.902954101
1092 145.972980499 216.902954101
1093 145.972980499 216.902954101
1094 145.972980499 216.902954101
1095 146.692432403 217.622406005
1096 146.692432403 217.622406005
1097 146.692432403 217.622406005
1098 146.692432403 217.622406005
1099 146.692432403 217.622406005
1100 146.692432403 217.622406005
1101 147.279317856 218.201095581
1102 147.279317856 218.201095581
1103 147.279317856 218.201095581
1104 147.294958115 218.21673584
1105 147.294958115 218.21673584
1106 147.867284775 218.779785156
1107 147.860641479 218.764144897
1108 147.860641479 218.764144897
1109 147.860641479 218.764144897
1110 147.859577179 218.764144897
1111 148.594669342 219.49923706
1112 148.6103096 219.514877319
1113 148.6103096 219.514877319
1114 148.6103096 219.514877319
1115 148.625949859 219.530517578
1116 149.17539978 220.077926636
1117 149.17539978 220.077926636
1118 149.17539978 220.077926636
1119 149.17539978 220.077926636
1120 149.17539978 220.077926636
1121 149.17539978 220.077926636
1122 149.832290649 220.734817505
1123 149.832290649 220.734817505
1124 149.832290649 220.734817505
1125 149.832290649 220.734817505
1126 149.832290649 220.734817505
1127 150.42501831 221.297866822
1128 150.42501831 221.297866822
1129 150.42501831 221.297866822
1130 150.440658569 221.313507081
1131 150.440658569 221.313507081
1132 151.17083931 222.032958985
1133 151.181108475 222.032958984
1134 151.181108475 222.032958984
1135 151.181108475 222.032958984
1136 151.181108475 222.032958984
1137 151.181108475 222.032958984
1138 151.784767151 222.611648559
1139 151.784767151 222.611648559
1140 151.783870697 222.611648559
1141 151.783870697 222.611648559
1142 151.783870697 222.611648559
1143 152.563024521 223.37802124
1144 152.594305038 223.409301758
1145 152.594305038 223.409301758
1146 152.594305038 223.409301758
1147 152.594305038 223.409301758
1148 152.594305038 223.409301758
1149 153.188634872 224.003631592
1150 153.188634872 224.003631592
1151 153.188634872 224.003631592
1152 153.188634872 224.003631592
1153 153.188634872 224.003631592
1154 153.793195724 224.597961426
1155 153.793195724 224.597961426
1156 153.793195724 224.597961426
1157 153.793195724 224.597961426
1158 153.808835983 224.613601685
1159 154.432479858 225.223571778
1160 154.448120117 225.239212036
1161 154.448120117 225.239212036
1162 154.448120117 225.239212036
1163 154.448120117 225.239212036
1164 155.155838012 225.946929932
1165 155.171478271 225.962570191
1166 155.171478271 225.962570191
1167 155.171478271 225.962570191
1168 155.171478271 225.962570191
1169 155.171478271 225.962570191
1170 146.333370209 226.6038208
1171 146.333370209 226.6038208
1172 146.333370209 226.6038208
1173 146.333370209 226.6038208
1174 146.333370209 226.6038208
1175 146.943340301 227.213790893
1176 146.943340301 227.213790893
1177 146.943340301 227.213790893
1178 146.943340301 227.213790893
1179 146.943340301 227.213790893
1180 146.943340301 227.213790893
1181 147.528846741 227.77684021
1182 147.528846741 227.77684021
1183 147.528846741 227.77684021
1184 147.528846741 227.77684021
1185 147.528846741 227.77684021
1186 148.298694611 228.511932373
1187 148.31433487 228.527572632
1188 148.31433487 228.527572632
1189 148.31433487 228.527572632
1190 148.31433487 228.527572632
1191 148.31433487 228.527572632
1192 148.941541672 229.137542725
1193 148.941541672 229.137542725
1194 148.941541672 229.137542725
1195 148.941541672 229.137542725
1196 148.941541672 229.137542725
1197 149.486352921 229.638031006
1198 149.486352921 229.638031006
1199 149.486352921 229.638031006
1200 149.485488892 229.638031006
1201 149.485488892 229.638031006
1202 150.157102585 230.294921875
1203 150.188383102 230.326202393
1204 150.188383102 230.326202393
1205 150.188383102 230.326202393
1206 150.188383102 230.326202393
1207 150.739694595 230.873611451
1208 150.739694595 230.873611451
1209 150.739694595 230.873611451
1210 150.739694595 230.873611451
1211 150.739694595 230.873611451
1212 151.456438064 231.561782837
1213 151.456438064 231.561782837
1214 151.456438064 231.561782837
1215 151.456438064 231.561782837
1216 151.472078323 231.577423095
1217 151.472078323 231.577423095
1218 152.888402939 232.985046386
1219 152.888402939 232.985046386
1220 152.888402939 232.985046386
1221 152.888402939 232.985046386
1222 152.888402939 232.985046386
1223 152.904043198 233.000686645
1224 152.902879715 232.985046386
1225 152.902879715 232.985046386
1226 152.902879715 232.985046386
1227 152.902879715 232.985046386
1228 153.325166702 233.407333374
1229 153.325166702 233.407333374
1230 147.096351624 233.407333374
1231 147.096351624 233.407333374
1232 147.111991883 233.422973633
1233 147.690681458 234.001663208
1234 147.690134049 233.986022949
1235 147.690134049 233.986022949
1236 147.690134049 233.986022949
1237 147.690134049 233.986022949
1238 148.517982483 234.799316406
1239 148.517198563 234.783676147
1240 148.517198563 234.783676147
1241 148.517198563 234.783676147
1242 148.517198563 234.783676147
1243 148.517198563 234.783676147
1244 149.025213242 235.26852417
1245 149.040853501 235.284164429
1246 149.040853501 235.284164429
1247 149.056493759 235.299804688
1248 149.056493759 235.299804688
1249 149.056493759 235.299804688
1250 149.730821609 235.941055297
1251 149.730821609 235.941055297
1252 149.730821609 235.941055297
1253 149.730821609 235.941055297
1254 149.730821609 235.941055297
1255 150.258657455 236.441543579
1256 150.258657455 236.441543579
1257 150.258657455 236.441543579
1258 150.258657455 236.441543579
1259 150.274297714 236.457183838
1260 147.613880158 237.254837036
1261 147.619729996 237.254837036
1262 147.619729996 237.254837036
1263 147.619729996 237.254837036
1264 147.619729996 237.254837036
1265 147.619729996 237.254837036
1266 148.276620865 237.911727905
1267 148.433023453 238.068130493
1268 148.433023453 238.068130493
1269 148.433023453 238.068130493
1270 148.433023453 238.068130493
1271 148.433023453 238.068130493
1272 148.957033158 238.552978516
1273 148.957033158 238.552978516
1274 148.957033158 238.552978516
1275 148.972673416 238.568618775
1276 148.972673416 238.568618775
1277 149.70995903 239.27243042
1278 149.70995903 239.27243042
1279 149.70995903 239.27243042
1280 149.70995903 239.27243042
1281 149.70995903 239.27243042
1282 149.70995903 239.27243042
1283 150.39616394 239.944961548
1284 150.39616394 239.944961548
1285 150.39616394 239.944961548
1286 150.39616394 239.944961548
1287 150.39616394 239.944961548
1288 150.973852157 240.508010864
1289 150.973852157 240.508010864
1290 150.97082901 240.508010864
1291 150.986469269 240.523651123
1292 150.986469269 240.523651123
1293 151.622447968 241.121887207
1294 151.622447968 241.121887207
1295 151.622447968 241.121887207
1296 151.622447968 241.121887207
1297 151.622447968 241.121887207
1298 152.36602974 241.841339112
1299 152.380199432 241.841339111
1300 152.380199432 241.841339111
1301 152.380199432 241.841339111
1302 152.380199432 241.841339111
1303 152.380199432 241.841339111
1304 153.011522293 242.451309204
1305 153.002780914 242.404388427
1306 153.002780914 242.404388427
1307 153.002780914 242.404388427
1308 153.002780914 242.404388427
1309 153.581470489 242.983078003
1310 153.597110748 242.998718262
1311 153.597110748 242.998718262
1312 153.597110748 242.998718262
1313 153.597110748 242.998718262
1314 153.597110748 242.998718262
1315 154.384191513 243.718170166
1316 154.384191513 243.718170166
1317 154.384191513 243.718170166
1318 154.399831772 243.733810425
1319 154.399831772 243.733810425
1320 148.59895134 244.484542847
1321 148.597373962 244.43762207
1322 148.597373962 244.43762207
1323 148.597373962 244.43762207
1324 148.597373962 244.43762207
1325 148.597373962 244.43762207
1326 148.597373962 244.43762207
1327 149.361650467 245.141433716
1328 149.361650467 245.141433716
1329 149.361650467 245.141433716
1330 149.361650467 245.141433716
1331 149.361650467 245.141433716
1332 149.361650467 245.141433716
1333 149.97162056 245.751403809
1334 149.96377945 245.73576355
1335 149.96377945 245.73576355
1336 149.979419709 245.751403809
1337 149.979419709 245.751403809
1338 149.979419709 245.751403809
1339 150.620836258 246.377014161
1340 150.620836258 246.377014161
1341 150.620836258 246.377014161
1342 150.620836258 246.377014161
1343 150.620836258 246.377014161
1344 150.620836258 246.377014161
1345 151.324647904 247.080825806
1346 151.324647904 247.080825806
1347 151.324647904 247.080825806
1348 151.324647904 247.080825806
1349 151.340288162 247.096466064
1350 151.340288162 247.096466064
1351 151.340288162 247.096466064
1352 152.122301101 247.878479004
1353 152.13170433 247.878479004
1354 152.13170433 247.878479004
1355 152.13170433 247.878479004
1356 152.13170433 247.878479004
1357 152.13170433 247.878479004
1358 152.13170433 247.878479004
1359 152.759567261 248.488449097
1360 152.749034881 248.472808838
1361 152.749034881 248.472808838
1362 152.749034881 248.472808838
1363 152.749034881 248.472808838
1364 152.749034881 248.472808838
1365 152.749034881 248.472808838
1366 153.520326614 249.239181518
1367 153.519645691 249.22354126
1368 153.519645691 249.22354126
1369 153.519645691 249.22354126
1370 153.53528595 249.239181519
1371 153.53528595 249.239181519
1372 153.53528595 249.239181519
1373 154.297224045 249.974273682
1374 154.304489136 249.974273682
1375 154.304489136 249.974273682
1376 154.304489136 249.974273682
1377 154.304489136 249.974273682
1378 154.304489136 249.974273682
1379 154.304489136 249.974273682
1380 154.304489136 249.974273682
1381 154.94201088 250.568603516
1382 154.94201088 250.568603516
1383 154.94201088 250.568603516
1384 154.94201088 250.568603516
1385 154.957651138 250.584243774
1386 154.957651138 250.584243774
1387 154.957651138 250.584243774
1388 155.84194374 251.444458007
1389 155.857376098 251.444458008
1390 155.857376098 251.444458008
1391 155.857376098 251.444458008
1392 155.857376098 251.444458008
1393 155.857376098 251.444458008
1394 155.857376098 251.444458008
1395 155.857376098 251.444458008
1396 156.658664703 252.226470947
1397 156.689405441 252.242111206
1398 156.689405441 252.242111206
1399 156.689405441 252.242111206
1400 156.689405441 252.242111206
1401 156.7050457 252.257751465
1402 156.7050457 252.257751465
1403 156.7050457 252.257751465
1404 157.582304001 253.086685181
1405 157.562864304 253.039764404
1406 157.562864304 253.039764404
1407 157.562864304 253.039764404
1408 157.562864304 253.039764404
1409 157.562864304 253.039764404
1410 157.562864304 253.039764404
1411 157.562864304 253.039764404
1412 158.453798294 253.899978638
1413 159.102142334 254.525588989
1414 159.102142334 254.525588989
1415 159.102142334 254.525588989
1416 159.102142334 254.525588989
1417 159.102142334 254.525588989
1418 159.117782593 254.541229248
1419 159.117782593 254.541229248
1420 159.117782593 254.541229248
1421 159.26927948 254.666351319
1422 159.26927948 254.666351319
1423 159.26927948 254.666351319
1424 159.26927948 254.666351319
1425 159.26927948 254.666351319
1426 159.26927948 254.666351319
1427 159.26927948 254.666351319
1428 159.26927948 254.666351319
1429 159.26927948 254.666351319
1430 160.358675003 255.714248657
1431 160.374315262 255.729888916
1432 160.374315262 255.729888916
1433 160.374315262 255.729888916
1434 160.374315262 255.729888916
1435 160.38995552 255.745529174
1436 160.38995552 255.745529174
1437 160.38995552 255.745529174
1438 161.150335311 256.468887329
1439 161.13599205 256.390686035
1440 149.647914886 256.390686035
1441 149.647914886 256.390686035
1442 149.647914886 256.390686035
1443 149.647914886 256.390686035
1444 149.647914886 256.390686035
1445 149.647914886 256.390686035
1446 149.647914886 256.390686035
1447 150.316789627 257.031936645
1448 150.393468857 257.078857422
1449 150.393468857 257.078857422
1450 150.393468857 257.078857422
1451 150.393468857 257.078857422
1452 150.393468857 257.078857422
1453 150.393468857 257.078857422
1454 150.393468857 257.078857422
1455 151.229236603 257.907791138
1456 151.226615906 257.87651062
1457 151.226615906 257.87651062
1458 151.226615906 257.87651062
1459 151.242256165 257.892150879
1460 151.242256165 257.892150879
1461 151.242256165 257.892150879
1462 151.242256165 257.892150879
1463 151.242256165 257.892150879
1464 152.029613495 258.627243042
1465 152.026437759 258.611602783
1466 152.026437759 258.611602783
1467 152.026437759 258.611602783
1468 152.026437759 258.611602783
1469 152.026437759 258.611602783
1470 152.026437759 258.611602783
1471 152.026437759 258.611602783
1472 152.752660751 259.29977417
1473 153.281492233 259.768981934
1474 153.281492233 259.768981934
1475 153.281492233 259.768981934
1476 153.281492233 259.768981934
1477 153.281492233 259.768981934
1478 153.281492233 259.768981934
1479 153.281492233 259.768981934
1480 153.531736374 260.019226074
1481 153.522739411 259.956665039
1482 153.522739411 259.956665039
1483 153.522739411 259.956665039
1484 153.522739411 259.956665039
1485 153.522739411 259.956665039
1486 153.522739411 259.956665039
1487 153.522739411 259.956665039
1488 154.866563797 261.286087036
1489 154.880800248 261.270446778
1490 154.880800248 261.270446778
1491 154.880800248 261.270446778
1492 154.896440506 261.286087036
1493 154.896440506 261.286087036
1494 154.896440506 261.286087036
1495 154.896440506 261.286087036
1496 155.6663208 262.00553894
1497 155.664257049 261.974258423
1498 155.664257049 261.974258423
1499 155.664257049 261.974258423
1500 155.659475326 261.974258423
1501 155.659475326 261.974258423
1502 155.659475326 261.974258423
1503 155.659475326 261.974258423
1504 155.659475326 261.974258423
1505 155.916910171 262.208862304
1506 155.914684295 262.161941528
1507 155.914684295 262.161941528
1508 155.914684295 262.161941528
1509 155.914684295 262.161941528
1510 155.930324554 262.177581787
1511 155.930324554 262.177581787
1512 155.930324554 262.177581787
1513 155.930324554 262.177581787
1514 156.760736465 262.975234985
1515 156.776376724 262.990875244
1516 156.776376724 262.990875244
1517 156.776376724 262.990875244
1518 156.776376724 262.990875244
1519 156.776376724 262.990875244
1520 156.776376724 262.990875244
1521 156.776376724 262.990875244
1522 157.514009476 263.710327149
1523 157.499427795 263.663406372
1524 157.515068054 263.679046631
1525 157.515068054 263.679046631
1526 157.515068054 263.679046631
1527 157.530708313 263.69468689
1528 157.530708313 263.69468689
1529 157.530708313 263.69468689
1530 157.530708313 263.69468689
1531 158.261564255 264.367218018
1532 158.261564255 264.367218018
1533 158.261564255 264.367218018
1534 158.261564255 264.367218018
1535 158.261564255 264.367218018
1536 158.261564255 264.367218018
1537 158.261564255 264.367218018
1538 158.886377335 264.961547852
1539 158.886377335 264.961547852
1540 158.886377335 264.961547852
1541 158.886377335 264.961547852
1542 158.902017593 264.97718811
1543 158.902017593 264.97718811
1544 158.902017593 264.97718811
1545 159.68516922 265.727920532
1546 159.681554794 265.712280273
1547 159.681554794 265.712280273
1548 159.681554794 265.712280273
1549 159.681554794 265.712280273
1550 159.681554794 265.712280273
1551 159.681554794 265.712280273
1552 159.681554794 265.712280273
1553 159.681554794 265.712280273
1554 160.491783142 266.478652954
1555 160.507406235 266.478652954
1556 160.507406235 266.478652954
1557 160.507406235 266.478652954
1558 160.507406235 266.478652954
1559 160.507406235 266.478652954
1560 160.507406235 266.478652954
1561 160.507406235 266.478652954
1562 161.300733567 267.213745117
1563 161.2887249 267.166824341
1564 161.2887249 267.166824341
1565 161.2887249 267.166824341
1566 161.2887249 267.166824341
1567 161.2887249 267.166824341
1568 161.2887249 267.166824341
1569 161.2887249 267.166824341
1570 162.039562226 267.870635986
1571 162.039562226 267.870635986
1572 162.039562226 267.870635986
1573 162.039562226 267.870635986
1574 162.039562226 267.870635986
1575 162.055202485 267.886276245
1576 162.055202485 267.886276245
1577 162.055202485 267.886276245
1578 162.856552124 268.637008667
1579 162.846809388 268.590087891
1580 162.846809388 268.590087891
1581 162.846809388 268.590087891
1582 162.846809388 268.590087891
1583 162.846809388 268.590087891
1584 162.846809388 268.590087891
1585 162.846809388 268.590087891
1586 162.846809388 268.590087891
1587 164.5789814 270.201034546
1588 164.594621658 270.216674805
1589 164.594621658 270.216674805
1590 164.588151932 270.216674805
1591 164.588151932 270.216674805
1592 164.588151932 270.216674805
1593 164.588151932 270.216674805
1594 164.588151932 270.216674805
1595 164.55579567 270.122833252
1596 164.566574097 270.122833252
1597 164.566574097 270.122833252
1598 164.566574097 270.122833252
1599 164.566574097 270.122833252
1600 164.566574097 270.122833252
1601 164.566574097 270.122833252
1602 164.566574097 270.122833252
1603 165.145576477 270.642868042
1604 165.145576477 270.642868042
1605 165.145576477 270.642868042
1606 165.145576477 270.642868042
1607 165.145576477 270.642868042
1608 165.145576477 270.642868042
1609 165.145576477 270.642868042
1610 165.145576477 270.642868042
1611 166.093143464 271.471801757
1612 166.114528656 271.456161499
1613 166.114528656 271.456161499
1614 166.114528656 271.456161499
1615 166.114528656 271.456161499
1616 166.114528656 271.456161499
1617 166.114528656 271.456161499
1618 166.114528656 271.456161499
1619 166.114528656 271.456161499
1620 151.204044342 272.206893921
1621 151.204044342 272.206893921
1622 151.204044342 272.206893921
1623 151.204044342 272.206893921
1624 151.204044342 272.206893921
1625 151.204044342 272.206893921
1626 151.204044342 272.206893921
1627 151.204044342 272.206893921
1628 151.204044342 272.206893921
1629 151.826814652 272.73866272
1630 151.826814652 272.73866272
1631 151.826814652 272.73866272
1632 151.826814652 272.73866272
1633 151.826814652 272.73866272
1634 151.826814652 272.73866272
1635 151.826814652 272.73866272
1636 152.685150147 273.520675659
1637 153.392362595 274.177566529
1638 153.392362595 274.177566529
1639 153.392362595 274.177566529
1640 153.392362595 274.177566529
1641 153.392362595 274.177566529
1642 153.392362595 274.177566529
1643 153.392362595 274.177566529
1644 154.179681778 274.912658692
1645 154.18939209 274.897018433
1646 154.205005646 274.897018433
1647 154.205005646 274.897018433
1648 154.205005646 274.897018433
1649 154.205005646 274.897018433
1650 154.198736191 274.897018433
1651 154.198736191 274.897018433
1652 154.198736191 274.897018433
1653 154.264965058 274.865737915
1654 154.27563858 274.834457397
1655 154.27563858 274.834457397
1656 154.27563858 274.834457397
1657 154.27563858 274.834457397
1658 154.27563858 274.834457397
1659 154.27563858 274.834457397
1660 154.27563858 274.834457397
1661 155.066169738 275.585189819
1662 155.079923629 275.585189819
1663 155.079923629 275.585189819
1664 155.079923629 275.585189819
1665 155.079923629 275.585189819
1666 155.095563888 275.600830078
1667 155.095563888 275.600830078
1668 155.095563888 275.600830078
1669 155.891641617 276.335922241
1670 155.874954223 276.273361206
1671 155.874954223 276.273361206
1672 155.874954223 276.273361206
1673 155.874954223 276.273361206
1674 155.874954223 276.273361206
1675 155.874954223 276.273361206
1676 155.874954223 276.273361206
1677 156.575410843 276.930252075
1678 156.569877624 276.883331299
1679 156.585517883 276.898971558
1680 156.581659317 276.898971558
1681 156.581659317 276.898971558
1682 156.597299576 276.914611817
1683 156.597299576 276.914611817
1684 156.597299576 276.914611817
1685 157.346271515 277.587142945
1686 157.340171814 277.555862427
1687 157.340171814 277.555862427
1688 157.340171814 277.555862427
1689 157.340171814 277.555862427
1690 157.340171814 277.555862427
1691 157.340171814 277.555862427
1692 157.340171814 277.555862427
1693 158.139646531 278.212753296
1694 158.133195878 278.16583252
1695 158.133195878 278.16583252
1696 158.133195878 278.16583252
1697 158.133195878 278.16583252
1698 158.133195878 278.16583252
1699 158.133195878 278.16583252
1700 158.133195878 278.16583252
1701 158.133195878 278.16583252
1702 159.623493194 279.510894776
1703 159.623493194 279.510894776
1704 159.623493194 279.510894776
1705 159.623493194 279.510894776
1706 159.623493194 279.510894776
1707 159.623493194 279.510894776
1708 159.623493194 279.510894776
1709 159.623493194 279.510894776
1710 151.612649917 279.542175293
1711 151.611314773 279.510894776
1712 151.611314773 279.510894776
1713 151.611314773 279.510894776
1714 151.611314773 279.510894776
1715 151.611314773 279.510894776
1716 151.611314773 279.510894776
1717 151.611314773 279.510894776
1718 152.337877273 280.183425904
1719 152.347360611 280.152145385
1720 152.347360611 280.152145385
1721 152.347360611 280.152145385
1722 152.36300087 280.167785644
1723 152.36300087 280.167785644
1724 152.36300087 280.167785644
1725 152.36300087 280.167785644
1726 153.282657623 280.99671936
1727 153.326465606 281.012359619
1728 153.326465606 281.012359619
1729 153.326465606 281.012359619
1730 153.326465606 281.012359619
1731 153.326465606 281.012359619
1732 153.326465606 281.012359619
1733 153.326465606 281.012359619
1734 154.153608322 281.794372558
1735 154.145500183 281.731811523
1736 154.145500183 281.731811523
1737 154.145500183 281.731811523
1738 154.145500183 281.731811523
1739 154.161140442 281.747451782
1740 154.153169632 281.747451782
1741 154.153169632 281.747451782
1742 154.153169632 281.747451782
1743 154.898731232 282.341781616
1744 154.898731232 282.341781616
1745 154.898731232 282.341781616
1746 154.898731232 282.341781616
1747 154.898731232 282.341781616
1748 154.898731232 282.341781616
1749 154.898731232 282.341781616
1750 154.898731232 282.341781616
1751 155.76760292 283.123794555
1752 155.768817901 283.076873779
1753 155.768817901 283.076873779
1754 155.768817901 283.076873779
1755 155.768817901 283.076873779
1756 155.78445816 283.092514038
1757 155.78445816 283.092514038
1758 155.78445816 283.092514038
1759 155.78445816 283.092514038
1760 156.608675003 283.815872192
1761 156.608675003 283.815872192
1762 156.608675003 283.815872192
1763 156.608675003 283.815872192
1764 156.608675003 283.815872192
1765 156.608675003 283.815872192
1766 156.608675003 283.815872192
1767 156.608675003 283.815872192
1768 156.608675003 283.815872192
1769 157.950529099 285.129653931
1770 152.558637619 285.129653931
1771 152.558637619 285.129653931
1772 152.558637619 285.129653931
1773 152.574277877 285.14529419
1774 152.574277877 285.14529419
1775 152.574277877 285.14529419
1776 152.574277877 285.14529419
1777 153.349531173 285.896026611
1778 153.330135345 285.833465576
1779 153.330135345 285.833465576
1780 153.330135345 285.833465576
1781 153.330135345 285.833465576
1782 153.330135345 285.833465576
1783 153.330135345 285.833465576
1784 153.330135345 285.833465576
1785 154.186632156 286.678039551
1786 154.179279327 286.584197998
1787 154.179279327 286.584197998
1788 154.179279327 286.584197998
1789 154.179279327 286.584197998
1790 154.194919586 286.599838257
1791 154.194919586 286.599838257
1792 154.194919586 286.599838257
1793 154.194919586 286.599838257
1794 155.038564682 287.33493042
1795 155.032325744 287.256729126
1796 155.032325744 287.256729126
1797 155.032325744 287.256729126
1798 155.032325744 287.256729126
1799 155.032325744 287.256729126
1800 155.032325744 287.256729126
1801 155.032325744 287.256729126
1802 155.219234466 287.366210938
1803 155.221794128 287.319290161
1804 155.221794128 287.319290161
1805 155.221794128 287.319290161
1806 155.221794128 287.319290161
1807 155.237434387 287.33493042
1808 155.237434387 287.33493042
1809 155.237434387 287.33493042
1810 156.013462067 288.023101806
1811 156.013462067 288.023101806
1812 156.013462067 288.023101806
1813 156.013462067 288.023101806
1814 156.013462067 288.023101806
1815 156.013462067 288.023101806
1816 156.013462067 288.023101806
1817 156.013462067 288.023101806
1818 156.885501862 288.789474487
1819 156.871313095 288.648712158
1820 156.862970352 288.633071899
1821 156.862970352 288.633071899
1822 156.862970352 288.633071899
1823 156.862970352 288.633071899
1824 156.878610611 288.648712158
1825 156.878610611 288.648712158
1826 156.878610611 288.648712158
1827 157.711967469 289.430725098
1828 157.700737 289.336883545
1829 157.700737 289.336883545
1830 157.691862106 289.336883545
1831 157.691862106 289.336883545
1832 157.691862106 289.336883545
1833 157.691862106 289.336883545
1834 157.691862106 289.336883545
1835 157.691862106 289.336883545
1836 158.87748909 290.494262695
1837 158.865156173 290.400421143
1838 158.865156173 290.400421143
1839 158.865156173 290.400421143
1840 158.865156173 290.400421143
1841 158.865156173 290.400421143
1842 158.880796432 290.416061402
1843 158.880796432 290.416061402
1844 158.880796432 290.416061402
1845 158.880796432 290.416061402
1846 159.696044922 291.119873047
1847 159.696044922 291.119873047
1848 159.696044922 291.119873047
1849 159.696044922 291.119873047
1850 159.696044922 291.119873047
1851 159.696044922 291.119873047
1852 159.696044922 291.119873047
1853 159.696044922 291.119873047
1854 159.696044922 291.119873047
1855 160.293146133 291.573440552
1856 160.308555603 291.573440552
1857 160.308555603 291.573440552
1858 160.308555603 291.573440552
1859 160.308555603 291.573440552
1860 160.320814133 291.58908081
1861 160.320814133 291.58908081
1862 160.320814133 291.58908081
1863 160.320814133 291.58908081
1864 161.20652771 292.324172973
1865 161.20652771 292.324172973
1866 161.20652771 292.324172973
1867 161.20652771 292.324172973
1868 161.20652771 292.324172973
1869 161.20652771 292.324172973
1870 161.20652771 292.324172973
1871 161.20652771 292.324172973
1872 161.918016434 292.981063842
1873 161.916402817 292.918502807
1874 161.932043075 292.934143066
1875 161.932043075 292.934143066
1876 161.932043075 292.934143066
1877 161.932043075 292.934143066
1878 161.947683334 292.949783325
1879 161.947683334 292.949783325
1880 161.947683334 292.949783325
1881 162.741138458 293.684875488
1882 162.741138458 293.684875488
1883 162.741138458 293.684875488
1884 162.741138458 293.684875488
1885 162.741138458 293.684875488
1886 162.741138458 293.684875488
1887 162.741138458 293.684875488
1888 162.741138458 293.684875488
1889 163.546150207 294.388687134
1890 152.81237793 294.373046875
1891 152.81237793 294.373046875
1892 152.81237793 294.373046875
1893 152.81237793 294.373046875
1894 152.828018189 294.388687134
1895 152.828018189 294.388687134
1896 152.828018189 294.388687134
1897 153.697332383 295.170700073
1898 153.693304062 295.155059815
1899 153.693304062 295.155059815
1900 153.693304062 295.155059815
1901 153.693304062 295.155059815
1902 153.693304062 295.155059815
1903 153.693304062 295.155059815
1904 153.693304062 295.155059815
1905 154.307104111 295.655548096
1906 154.299482346 295.592987061
1907 154.315122604 295.60862732
1908 154.315122604 295.60862732
1909 154.315122604 295.60862732
1910 154.315122604 295.60862732
1911 154.315122604 295.60862732
1912 154.315122604 295.60862732
1913 154.315122604 295.60862732
1914 155.167106628 296.375
1915 155.167106628 296.375
1916 155.167106628 296.375
1917 155.167106628 296.375
1918 155.182746887 296.390640258
1919 155.182746887 296.390640258
1920 155.182746887 296.390640258
1921 155.182746887 296.390640258
1922 156.037139892 297.176559448
1923 156.034605026 297.160919189
1924 156.034605026 297.160919189
1925 156.034605026 297.160919189
1926 156.034605026 297.160919189
1927 156.034605026 297.160919189
1928 156.034605026 297.160919189
1929 156.034605026 297.160919189
1930 156.708496094 297.755249023
1931 156.739063263 297.770889282
1932 156.739063263 297.770889282
1933 156.739063263 297.770889282
1934 156.754703522 297.786529541
1935 156.754703522 297.786529541
1936 156.754703522 297.786529541
1937 156.754703522 297.786529541
1938 156.754703522 297.786529541
1939 157.396642685 298.287017822
1940 157.396625519 298.271377563
1941 157.396625519 298.271377563
1942 157.396625519 298.271377563
1943 157.396625519 298.271377563
1944 157.396625519 298.271377563
1945 152.834421158 298.287017822
