2.0	23.84925
4.0	32.7475
6.0	15.56925
8.0	13.8415
10.0	13.39575
12.0	14.21275
14.0	14.273
16.0	14.5725
18.0	14.681
20.0	14.414
22.0	14.729
24.0	14.62175
26.0	14.20575
28.0	15.43875
30.0	14.8455
32.0	14.79875
34.0	14.77875
36.0	14.447
38.0	15.679
40.0	14.63425
42.0	14.65725
44.0	15.51275
46.0	15.052
48.0	14.82725
50.0	14.947
52.0	13.75075
54.0	16.3025
56.0	14.73775
58.0	14.96725
60.0	15.007
62.0	14.7045
64.0	15.0485
66.0	14.95125
68.0	14.867
70.0	15.031
72.0	14.8525
74.0	14.204
76.0	15.51175
78.0	15.2085
80.0	15.01
82.0	14.382
84.0	14.481
86.0	15.8885
88.0	14.96
90.0	14.7
92.0	14.8875
94.0	14.47575
96.0	14.82475
98.0	15.925
100.0	14.15925
102.0	14.8885
104.0	15.144
106.0	15.03875
108.0	14.5945
110.0	15.07575
112.0	14.991
114.0	15.0375
116.0	14.654
118.0	14.5975
120.0	15.15
122.0	15.24375
124.0	14.7545
126.0	14.759
128.0	15.32925
130.0	14.911
132.0	14.86025
134.0	14.5725
136.0	15.066
138.0	14.82975
140.0	14.45675
142.0	14.93
144.0	15.716
146.0	14.3805
148.0	14.7625
150.0	14.51275
152.0	15.1495
154.0	15.0775
156.0	14.58025
158.0	14.85075
160.0	15.062
162.0	14.09625
164.0	15.3605
166.0	14.6045
168.0	14.99675
170.0	15.021
172.0	14.843
174.0	14.59275
176.0	14.69125
178.0	15.04025
180.0	14.98825
182.0	14.81425
184.0	14.421
186.0	14.79825
188.0	14.3445
190.0	14.289
192.0	14.38525
194.0	14.4335
196.0	14.33125
198.0	14.3955
200.0	14.15925
202.0	13.9665
204.0	14.767
206.0	13.82625
208.0	14.5615
210.0	14.19775
212.0	14.02775
214.0	14.57925
216.0	14.5835
218.0	14.4615
220.0	14.0275
222.0	14.1245
224.0	14.564
226.0	14.0515
228.0	14.663
230.0	14.55325
232.0	13.9675
234.0	14.4175
236.0	13.99425
238.0	14.0645
240.0	14.095
242.0	14.56425
244.0	14.26725
246.0	14.17375
248.0	14.17475
250.0	15.189
252.0	13.63075
254.0	14.61725
256.0	14.1525
258.0	14.23275
260.0	14.2155
262.0	14.34325
264.0	14.748
266.0	13.96925
268.0	14.24625
270.0	14.327
272.0	14.363
274.0	14.2845
276.0	14.48325
278.0	13.9605
280.0	14.43125
282.0	14.672
284.0	13.9485
286.0	14.16175
288.0	14.81875
290.0	13.87325
292.0	14.51825
294.0	14.22325
296.0	14.3405
298.0	14.36925
300.0	14.4025
302.0	13.8785
304.0	14.70625
306.0	14.072
308.0	14.062
310.0	15.167
312.0	14.107
314.0	14.097
316.0	14.42425
318.0	14.08925
320.0	14.927
322.0	13.67
324.0	14.33075
326.0	15.1025
328.0	13.8535
330.0	14.31375
332.0	14.19525
334.0	14.50475
336.0	14.618
338.0	14.1525
340.0	14.0675
342.0	14.28425
344.0	14.73525
346.0	14.149
348.0	13.46625
350.0	15.09925
352.0	13.85325
354.0	14.5365
356.0	14.49575
358.0	14.12325
360.0	14.3555
362.0	14.20375
364.0	14.536
366.0	13.512
368.0	15.21875
370.0	14.09725
372.0	14.37625
374.0	14.332
376.0	13.994
378.0	14.729
380.0	14.1595
382.0	14.1175
384.0	15.373
386.0	13.6465
388.0	13.82975
390.0	13.85925
392.0	15.379
394.0	14.18525
396.0	14.3745
398.0	14.32075
400.0	14.4755
402.0	13.91975
404.0	14.34575
406.0	14.3275
408.0	14.451
410.0	13.736
412.0	14.75975
414.0	14.187
416.0	14.554
418.0	14.25775
420.0	14.63675
422.0	14.2375
424.0	13.97675
426.0	14.50175
428.0	13.841
430.0	14.3565
432.0	13.92925
434.0	13.941
436.0	14.02675
438.0	13.9545
440.0	13.89875
442.0	14.1535
444.0	13.6335
446.0	13.7295
448.0	13.898
450.0	13.8995
452.0	13.893
454.0	13.8605
456.0	13.82375
458.0	13.93425
460.0	13.89025
462.0	13.83125
464.0	13.92675
466.0	13.64675
468.0	13.95525
470.0	14.1535
472.0	13.57375
474.0	13.96625
476.0	13.70075
478.0	13.738
480.0	14.14375
482.0	13.4365
484.0	13.597
486.0	14.4345
488.0	13.629
490.0	13.74825
492.0	14.049
494.0	13.7435
496.0	13.7515
498.0	13.7325
500.0	14.045
502.0	14.03625
504.0	13.442
506.0	13.7325
508.0	13.93875
510.0	13.7675
512.0	13.7405
514.0	13.98875
516.0	13.71525
518.0	13.8715
520.0	14.02125
522.0	13.7575
524.0	13.623
526.0	13.9965
528.0	13.52675
530.0	13.87075
532.0	14.28075
534.0	14.1375
536.0	13.72525
538.0	13.648
540.0	13.78025
542.0	14.045
544.0	14.08325
546.0	13.79675
548.0	13.89175
550.0	14.022
552.0	14.11725
554.0	13.3955
556.0	13.87425
558.0	14.2105
560.0	13.649
562.0	14.193
564.0	13.88625
566.0	13.76225
568.0	14.10025
570.0	13.91275
572.0	13.49275
574.0	14.01575
576.0	13.75825
578.0	14.00725
580.0	13.986
582.0	13.72475
584.0	13.911
586.0	13.84925
588.0	13.75675
590.0	14.1295
592.0	13.859
594.0	13.926
596.0	13.53875
598.0	13.9465
600.0	13.9305
602.0	14.142
604.0	13.78125
606.0	13.75925
608.0	13.715
610.0	13.351
612.0	14.704
614.0	14.3325
616.0	12.4775
618.0	14.89575
620.0	13.75775
622.0	14.2595
624.0	13.54625
626.0	13.672
628.0	14.38875
630.0	13.8675
632.0	13.423
634.0	14.0845
636.0	13.64325
638.0	14.07425
640.0	13.85275
642.0	14.23175
644.0	13.46575
646.0	12.9045
648.0	14.955
650.0	14.10025
652.0	13.3675
654.0	13.8415
656.0	14.456
658.0	13.153
660.0	14.633
662.0	13.34075
664.0	13.87325
666.0	14.456
668.0	13.54075
670.0	13.7555
672.0	13.87975
674.0	13.75725
676.0	13.86475
678.0	13.71725
680.0	13.77675
682.0	12.97775
684.0	14.598
686.0	14.3015
688.0	13.8475
690.0	13.76925
692.0	13.96325
694.0	13.363
696.0	13.9745
698.0	13.83875
700.0	13.892
702.0	14.00525
704.0	13.49475
706.0	14.2355
708.0	13.69525
710.0	13.4405
712.0	13.81075
714.0	13.36025
716.0	14.7225
718.0	13.54325
720.0	14.1575
722.0	13.2985
724.0	14.42775
726.0	13.76875
728.0	13.77525
730.0	13.764
732.0	14.11575
734.0	13.8415
736.0	13.29675
738.0	14.1685
740.0	13.6145
742.0	13.8315
744.0	13.8295
746.0	14.36525
748.0	13.61725
750.0	13.302
752.0	14.33875
754.0	13.736
756.0	13.562
758.0	13.605
760.0	14.40425
762.0	13.36
764.0	14.3795
766.0	13.28075
768.0	13.947
770.0	13.84
772.0	13.94325
774.0	13.69425
776.0	13.831
778.0	13.61775
780.0	14.0365
782.0	13.86575
784.0	13.96975
786.0	13.626
788.0	13.6125
790.0	14.066
792.0	13.8875
794.0	13.47325
796.0	14.127
798.0	13.6885
800.0	13.739
802.0	13.868
804.0	13.771
806.0	13.66825
808.0	13.97625
810.0	13.82325
812.0	13.846
814.0	14.0505
816.0	13.66225
818.0	13.637
820.0	13.86875
822.0	13.993
824.0	13.708
826.0	13.44275
828.0	14.30425
830.0	13.73275
832.0	14.11975
834.0	13.51
836.0	13.481
838.0	14.106
840.0	14.137
842.0	13.5895
844.0	13.1085
846.0	14.75525
848.0	13.6585
850.0	13.96125
852.0	13.6385
854.0	13.57225
856.0	13.50725
858.0	14.47075
860.0	13.7885
862.0	13.815
864.0	13.56075
866.0	13.99575
868.0	13.935
870.0	13.64425
872.0	13.76
874.0	13.9735
876.0	13.8165
878.0	13.774
880.0	13.76675
882.0	13.52575
884.0	14.094
886.0	13.9615
888.0	13.95075
890.0	13.1875
892.0	13.9935
894.0	14.114
896.0	13.86275
898.0	13.82125
900.0	13.49075
902.0	13.93525
904.0	13.809
906.0	13.635
908.0	13.955
910.0	13.98
912.0	13.94525
914.0	14.007
916.0	13.56475
918.0	13.42825
920.0	12.852
922.0	14.99325
924.0	13.76575
926.0	13.82975
928.0	13.8965
930.0	13.68925
932.0	13.7495
934.0	13.9595
936.0	14.03375
938.0	13.484
940.0	13.90325
942.0	13.98825
944.0	13.915
946.0	13.5295
948.0	13.80525
950.0	14.06925
952.0	13.50125
954.0	13.93175
956.0	13.63225
958.0	13.7745
960.0	14.352
962.0	13.709
964.0	13.91
966.0	13.6965
968.0	13.8515
970.0	13.9695
972.0	13.96025
974.0	13.825
976.0	13.59575
978.0	13.8475
980.0	14.073
982.0	13.482
984.0	13.96375
986.0	13.5455
988.0	13.9945
990.0	13.74075
992.0	14.09475
994.0	13.69175
996.0	13.706
998.0	14.119
1000.0	13.428
1002.0	13.7585
1004.0	14.01425
1006.0	13.22075
1008.0	14.5845
1010.0	13.52725
1012.0	13.51125
1014.0	13.28375
1016.0	14.2415
1018.0	13.24325
1020.0	13.9855
1022.0	13.74825
1024.0	13.7915
1026.0	13.66025
1028.0	13.636
1030.0	13.79075
1032.0	13.52575
1034.0	13.54475
1036.0	13.89475
1038.0	13.44325
1040.0	12.9965
1042.0	15.03625
1044.0	13.57325
1046.0	13.399
1048.0	14.139
1050.0	13.728
1052.0	13.38925
1054.0	13.5865
1056.0	13.676
1058.0	12.58625
1060.0	14.9615
1062.0	13.67525
1064.0	13.589
1066.0	13.526
1068.0	13.42525
1070.0	14.238
1072.0	13.495
1074.0	13.97475
1076.0	13.57175
1078.0	13.239
1080.0	12.82275
1082.0	11.49125
1084.0	11.575
1086.0	9.92775
1088.0	12.68675
1090.0	11.144
1092.0	10.70825
1094.0	11.06
1096.0	10.3845
1098.0	11.2375
1100.0	10.77975
1102.0	10.81
1104.0	10.0625
1106.0	10.57075
1108.0	10.6815
1110.0	10.47
1112.0	10.20475
1114.0	10.40575
1116.0	10.20325
1118.0	8.7545
1120.0	10.86625
1122.0	10.0105
1124.0	9.906
1126.0	9.851
1128.0	10.05875
1130.0	9.6495
1132.0	9.776
1134.0	9.51
1136.0	9.887
1138.0	9.57225
1140.0	9.448
1142.0	9.472
1144.0	9.78825
1146.0	7.8745
1148.0	10.2035
1150.0	9.41325
1152.0	9.5895
1154.0	8.44475
1156.0	10.12775
1158.0	9.38425
1160.0	9.0425
1162.0	9.15925
1164.0	8.335
1166.0	9.7235
1168.0	9.23125
1170.0	9.0075
1172.0	9.35375
1174.0	9.19275
1176.0	9.05225
1178.0	9.28175
1180.0	8.07375
1182.0	8.76325
1184.0	8.764
1186.0	9.1345
1188.0	9.2005
1190.0	8.768
1192.0	8.8285
1194.0	8.8805
1196.0	9.0435
1198.0	8.8595
1200.0	8.89025
