341 130.002090454 130.033065796
342 130.002090454 130.033065796
343 130.002090454 130.033065796
344 130.002090454 130.033065796
345 130.002090454 130.033065796
346 130.002090454 130.033065796
347 130.002090454 130.033065796
348 130.002090454 130.033065796
349 130.002090454 130.033065796
350 130.002090454 130.033065796
351 130.002090454 130.033065796
352 133.568069458 133.5990448
353 133.583709717 133.614685059
354 133.583709717 133.614685059
355 133.599349976 133.630325318
356 133.599349976 133.630325318
357 133.599349976 133.630325318
358 133.599349976 133.630325318
359 133.599349976 133.630325318
360 133.549350739 133.630325318
361 133.549350739 133.630325318
362 133.549350739 133.630325318
363 133.549350739 133.630325318
364 133.549350739 133.630325318
365 133.549350739 133.630325318
366 133.549350739 133.630325318
367 133.549350739 133.630325318
368 133.549350739 133.630325318
369 133.549350739 133.630325318
370 133.549350739 133.630325318
371 134.190601349 134.271575928
372 135.410541535 135.491516114
373 135.410541535 135.491516114
374 135.410541535 135.491516114
375 135.410541535 135.491516114
376 135.410541535 135.491516114
377 135.410541535 135.491516114
378 135.410541535 135.491516114
379 135.410541535 135.491516114
380 135.410541535 135.491516114
381 135.410541535 135.491516114
382 135.410541535 135.491516114
383 135.410541535 135.491516114
384 135.410541535 135.491516114
385 135.410541535 135.491516114
386 135.410541535 135.491516114
387 137.115329743 137.196304322
388 137.130970001 137.21194458
389 137.162250519 137.243225098
390 129.978773117 137.243225098
391 129.978773117 137.243225098
392 129.978773117 137.243225098
393 129.978773117 137.243225098
394 129.978773117 137.243225098
395 129.978773117 137.243225098
396 129.978773117 137.243225098
397 129.978773117 137.243225098
398 129.978773117 137.243225098
399 129.978773117 137.243225098
400 130.760786056 138.025238037
401 130.760786056 138.025238037
402 130.760786056 138.025238037
403 130.760786056 138.025238037
404 130.760786056 138.025238037
405 130.776426315 138.040878296
406 130.776426315 138.040878296
407 130.776426315 138.040878296
408 131.74612236 139.010574341
409 131.74612236 139.010574341
410 131.777402877 139.041854858
411 131.777402877 139.041854858
412 131.777402877 139.041854858
413 131.777402877 139.041854858
414 131.777402877 139.041854858
415 131.777402877 139.041854858
416 131.777402877 139.041854858
417 132.731458664 139.995910644
418 132.747098923 140.011550903
419 132.747098923 140.011550903
420 132.742225647 140.011550903
421 132.742225647 140.011550903
422 132.742225647 140.011550903
423 132.742225647 140.011550903
424 132.742225647 140.011550903
425 132.742225647 140.011550903
426 134.493934631 141.763259888
427 134.493934631 141.763259888
428 134.493934631 141.763259888
429 134.493934631 141.763259888
430 134.493934631 141.763259888
431 134.493934631 141.763259888
432 134.493934631 141.763259888
433 134.50957489 141.778900146
434 134.50957489 141.778900146
435 134.50957489 141.778900146
436 134.50957489 141.778900146
437 134.525215149 141.794540405
438 134.525215149 141.794540405
439 134.525215149 141.794540405
440 135.713874817 142.983200073
441 135.713874817 142.983200073
442 135.713874817 142.983200073
443 135.713874817 142.983200073
444 135.713874817 142.983200073
445 135.713874817 142.983200073
446 135.713874817 142.983200073
447 135.713874817 142.983200073
448 135.745155335 143.01448059
449 135.745155335 143.01448059
450 135.742872239 143.01448059
451 135.742872239 143.01448059
452 135.742872239 143.01448059
453 135.742872239 143.01448059
454 135.742872239 143.01448059
455 136.259000779 143.53060913
456 136.274641037 143.546249389
457 136.274641037 143.546249389
458 136.274641037 143.546249389
459 136.274641037 143.546249389
460 136.274641037 143.546249389
461 136.603086471 143.874694824
462 136.603086471 143.874694824
463 136.603086471 143.874694824
464 136.603086471 143.874694824
465 136.603086471 143.874694824
466 137.126674652 144.390823364
467 137.126674652 144.390823364
468 137.126674652 144.390823364
469 137.126674652 144.390823364
470 137.142314911 144.406463623
471 137.548961639 144.813110352
472 137.548961639 144.813110352
473 137.548961639 144.813110352
474 137.548961639 144.813110352
475 137.548961639 144.813110352
476 138.178478241 145.442626953
477 138.209758759 145.473907471
478 138.209758759 145.473907471
479 138.209758759 145.473907471
480 138.208621979 145.473907471
481 138.208621979 145.473907471
482 139.084476471 146.349761962
483 139.084476471 146.349761962
484 139.084476471 146.349761962
485 139.084476471 146.349761962
486 139.084476471 146.349761962
487 139.162677765 146.427963256
488 139.162677765 146.427963256
489 139.162677765 146.427963256
490 139.162677765 146.427963256
491 139.162677765 146.427963256
492 139.678806305 146.944091796
493 139.678806305 146.944091796
494 139.678806305 146.944091796
495 139.678806305 146.944091796
496 139.678806305 146.944091796
497 140.429538727 147.694824218
498 140.445178985 147.710464477
499 140.460819244 147.726104736
500 140.460819244 147.726104736
501 140.460819244 147.726104736
502 140.492099762 147.757385254
503 140.492099762 147.757385254
504 140.492099762 147.757385254
505 140.492099762 147.757385254
506 141.070789337 148.336074829
507 141.086429596 148.351715088
508 141.086429596 148.351715088
509 141.086429596 148.351715088
510 141.085823059 148.351715088
511 141.085823059 148.351715088
512 141.617591858 148.883483887
513 141.617591858 148.883483887
514 141.617591858 148.883483887
515 141.617591858 148.883483887
516 141.617591858 148.883483887
517 142.055519104 149.321411133
518 142.49344635 149.759338379
519 142.49344635 149.759338379
520 142.49344635 149.759338379
521 142.49344635 149.759338379
522 142.49344635 149.759338379
523 142.634208679 149.900100708
524 142.634208679 149.900100708
525 142.634208679 149.900100708
526 142.649848938 149.915740967
527 142.649848938 149.915740967
528 143.119056702 150.384948731
529 143.119056702 150.384948731
530 143.119056702 150.384948731
531 143.119056702 150.384948731
532 143.119056702 150.384948731
533 143.729026794 150.994918824
534 143.744667053 151.010559082
535 143.744667053 151.010559082
536 143.744667053 151.010559082
537 143.744667053 151.010559082
538 144.229515076 151.495407104
539 144.229515076 151.495407104
540 144.114933014 151.495407104
541 144.114933014 151.495407104
542 144.114933014 151.495407104
543 144.114933014 151.495407104
544 144.646701813 152.027175903
545 144.646701813 152.027175903
546 144.646701813 152.027175903
547 144.646701813 152.027175903
548 144.646701813 152.027175903
549 145.225391388 152.605865478
550 145.225391388 152.605865478
551 145.225391388 152.605865478
552 145.225391388 152.605865478
553 145.225391388 152.605865478
554 145.694599152 153.075073242
555 145.710239411 153.090713501
556 145.710239411 153.090713501
557 145.710239411 153.090713501
558 145.710239411 153.090713501
559 146.148166657 153.528640747
560 146.148166657 153.528640747
561 146.148166657 153.528640747
562 146.148166657 153.528640747
563 146.148166657 153.528640747
564 146.633014679 154.01348877
565 146.633014679 154.01348877
566 146.633014679 154.01348877
567 146.648654937 154.029129029
568 146.648654937 154.029129029
569 147.196063995 154.576538086
570 128.999494553 154.576538086
571 128.999494553 154.576538086
572 128.999494553 154.576538086
573 128.999494553 154.576538086
574 129.484342575 155.061386109
575 129.484342575 155.061386109
576 129.484342575 155.061386109
577 129.484342575 155.061386109
578 129.499982834 155.077026367
579 129.499982834 155.077026367
580 130.016111373 155.593154907
581 130.016111373 155.593154907
582 130.016111373 155.593154907
583 130.016111373 155.593154907
584 130.016111373 155.593154907
585 130.626081466 156.203125
586 130.704282761 156.281326294
587 130.704282761 156.281326294
588 130.704282761 156.281326294
589 130.704282761 156.281326294
590 130.704282761 156.281326294
591 131.189130783 156.766174317
592 131.189130783 156.766174317
593 131.189130783 156.766174317
594 131.189130783 156.766174317
595 131.204771042 156.781814575
596 131.204771042 156.781814575
597 131.814741135 157.391784668
598 131.814741135 157.391784668
599 131.814741135 157.391784668
600 131.813215256 157.391784668
601 131.813215256 157.391784668
602 131.813215256 157.391784668
603 132.344984055 157.923553466
604 132.344984055 157.923553466
605 132.344984055 157.923553466
606 132.360624313 157.939193725
607 132.360624313 157.939193725
608 132.970594406 158.549163818
609 132.970594406 158.549163818
610 132.970594406 158.549163818
611 132.970594406 158.549163818
612 132.970594406 158.549163818
613 132.970594406 158.549163818
614 133.377241134 158.955810547
615 133.377241134 158.955810547
616 133.377241134 158.955810547
617 133.377241134 158.955810547
618 133.377241134 158.955810547
619 133.862089157 159.440658569
620 133.862089157 159.440658569
621 133.862089157 159.440658569
622 133.877729416 159.456298828
623 133.877729416 159.456298828
624 134.393857956 159.972427368
625 134.393857956 159.972427368
626 134.393857956 159.972427368
627 134.393857956 159.972427368
628 134.393857956 159.972427368
629 135.035108566 160.613677978
630 128.765640259 160.629318237
631 128.765640259 160.629318237
632 128.765640259 160.629318237
633 128.765640259 160.629318237
634 128.765640259 160.629318237
635 129.297409058 161.161087036
636 129.297409058 161.161087036
637 129.297409058 161.161087036
638 129.297409058 161.161087036
639 129.297409058 161.161087036
640 129.297409058 161.161087036
641 129.801803589 161.665481568
642 129.801803589 161.665481568
643 129.801803589 161.665481568
644 129.801803589 161.665481568
645 129.801803589 161.665481568
646 130.317932129 162.181610108
647 130.317932129 162.181610108
648 130.317932129 162.181610108
649 130.333572387 162.197250367
650 130.333572387 162.197250367
651 130.333572387 162.197250367
652 130.771499633 162.635177613
653 130.771499633 162.635177613
654 130.771499633 162.635177613
655 130.771499633 162.635177613
656 130.771499633 162.635177613
657 131.256347656 163.120025635
658 131.256347656 163.120025635
659 131.256347656 163.120025635
660 131.27114296 163.135665893
661 131.27114296 163.135665893
662 131.832799912 163.683074951
663 131.832799912 163.683074951
664 131.832799912 163.683074951
665 131.832799912 163.683074951
666 131.832799912 163.683074951
667 132.380208969 164.230484008
668 132.380208969 164.230484008
669 132.380208969 164.230484008
670 132.380208969 164.230484008
671 132.380208969 164.230484008
672 132.380208969 164.230484008
673 133.02145958 164.871734619
674 133.02145958 164.871734619
675 133.02145958 164.871734619
676 133.037099839 164.887374878
677 133.037099839 164.887374878
678 133.521947861 165.3722229
679 133.537588119 165.387863159
680 133.537588119 165.387863159
681 133.537588119 165.387863159
682 133.537588119 165.387863159
683 133.537588119 165.387863159
684 134.116277694 165.966552734
685 134.116277694 165.966552734
686 134.116277694 165.966552734
687 134.116277694 165.966552734
688 134.131917953 165.982192993
689 134.131917953 165.982192993
690 128.529174804 166.498321533
691 128.529174804 166.498321533
692 128.529174804 166.498321533
693 128.529174804 166.498321533
694 128.529174804 166.498321533
695 128.920181274 166.889328003
696 128.920181274 166.889328003
697 128.920181274 166.889328003
698 128.920181274 166.889328003
699 128.920181274 166.889328003
700 129.436309815 167.405456543
701 129.436309815 167.405456543
702 129.436309815 167.405456543
703 129.436309815 167.405456543
704 129.436309815 167.405456543
705 130.187042236 168.156188965
706 130.233963012 168.203109742
707 130.233963012 168.203109742
708 130.233963012 168.203109742
709 130.233963012 168.203109742
710 130.233963012 168.203109742
711 130.797012329 168.766159058
712 130.797012329 168.766159058
713 130.797012329 168.766159058
714 130.812652588 168.781799316
715 130.812652588 168.781799316
716 131.375701904 169.344848632
717 131.375701904 169.344848632
718 131.375701904 169.344848632
719 131.375701904 169.344848632
720 131.372758865 169.344848632
721 132.076570511 170.048660278
722 132.107851028 170.079940795
723 132.107851028 170.079940795
724 132.107851028 170.079940795
725 132.107851028 170.079940795
726 132.686540604 170.658630371
727 132.702180863 170.67427063
728 132.702180863 170.67427063
729 132.702180863 170.67427063
730 132.702180863 170.67427063
731 133.312150955 171.284240722
732 133.312150955 171.284240722
733 133.312150955 171.284240722
734 133.312150955 171.284240722
735 133.312150955 171.284240722
736 133.937761307 171.909851074
737 133.937761307 171.909851074
738 133.937761307 171.909851074
739 133.937761307 171.909851074
740 133.937761307 171.909851074
741 134.52372551 172.488540649
742 134.52372551 172.488540649
743 134.539365769 172.504180908
744 134.539365769 172.504180908
745 134.539365769 172.504180908
746 135.337018967 173.301834106
747 135.337018967 173.301834106
748 135.337018967 173.301834106
749 135.337018967 173.301834106
750 135.335851669 173.301834106
751 135.961462021 173.927444458
752 135.992742538 173.958724976
753 135.992742538 173.958724976
754 135.992742538 173.958724976
755 135.992742538 173.958724976
756 136.602712631 174.568695068
757 136.602712631 174.568695068
758 136.602712631 174.568695068
759 136.602712631 174.568695068
760 136.602712631 174.568695068
761 137.306524277 175.272506714
762 137.306524277 175.272506714
763 137.306524277 175.272506714
764 137.306524277 175.272506714
765 137.306524277 175.272506714
766 137.916494369 175.882476807
767 137.932134628 175.898117066
768 137.932134628 175.898117066
769 137.932134628 175.898117066
770 137.932134628 175.898117066
771 138.620306015 176.586288453
772 138.620306015 176.586288453
773 138.620306015 176.586288453
774 138.620306015 176.586288453
775 138.620306015 176.586288453
776 139.324117661 177.290100098
777 139.355398178 177.321380616
778 139.355398178 177.321380616
779 139.355398178 177.321380616
780 139.353506088 177.321380616
781 140.170705795 178.138580323
782 140.201986313 178.16986084
783 140.201986313 178.16986084
784 140.201986313 178.16986084
785 140.201986313 178.16986084
786 140.686834336 178.654708862
787 140.733755112 178.701629639
788 140.733755112 178.701629639
789 140.733755112 178.701629639
790 140.733755112 178.701629639
791 141.547048569 179.514923096
792 141.562688828 179.530563354
793 141.562688828 179.530563354
794 141.562688828 179.530563354
795 141.562688828 179.530563354
796 141.562688828 179.530563354
797 142.04753685 180.015411377
798 142.063177109 180.031051636
799 142.063177109 180.031051636
800 142.063177109 180.031051636
801 142.063177109 180.031051636
802 142.76351738 180.719223022
803 142.779157639 180.734863281
804 142.779157639 180.734863281
805 142.779157639 180.734863281
806 142.779157639 180.734863281
807 143.529890061 181.485595703
808 143.561170578 181.516876221
809 143.561170578 181.516876221
810 143.558729172 181.516876221
811 143.558729172 181.516876221
812 143.558729172 181.516876221
813 144.184339523 182.142486572
814 144.184339523 182.142486572
815 144.184339523 182.142486572
816 144.184339523 182.142486572
817 144.184339523 182.142486572
818 144.759305954 182.705535889
819 144.837507248 182.783737183
820 144.837507248 182.783737183
821 144.837507248 182.783737183
822 144.837507248 182.783737183
823 145.416196823 183.362426758
824 145.416196823 183.362426758
825 145.416196823 183.362426758
826 145.416196823 183.362426758
827 145.416196823 183.362426758
828 146.135648728 184.081878662
829 146.135648728 184.081878662
830 146.135648728 184.081878662
831 146.135648728 184.081878662
832 146.135648728 184.081878662
833 146.729978562 184.676208496
834 146.761259079 184.707489013
835 146.761259079 184.707489013
836 146.761259079 184.707489013
837 146.761259079 184.707489013
838 147.363485336 185.301818847
839 147.363485336 185.301818847
840 130.801231384 185.301818847
841 130.801231384 185.301818847
842 130.801231384 185.301818847
843 131.348640442 185.849227905
844 131.395561218 185.896148681
845 131.395561218 185.896148681
846 131.395561218 185.896148681
847 131.395561218 185.896148681
848 132.005531311 186.506118774
849 132.005531311 186.506118774
850 132.005531311 186.506118774
851 132.02117157 186.521759033
852 132.02117157 186.521759033
853 132.724983216 187.225570679
854 132.72304535 187.20993042
855 132.72304535 187.20993042
856 132.72304535 187.20993042
857 132.72304535 187.20993042
858 133.327215195 187.788619995
859 133.327215195 187.788619995
860 133.327215195 187.788619995
861 133.327215195 187.788619995
862 133.327215195 187.788619995
863 133.327215195 187.788619995
864 133.90590477 188.36730957
865 133.90590477 188.36730957
866 133.921545028 188.382949829
867 133.921545028 188.382949829
868 134.625356674 189.086761475
869 134.656637191 189.118041992
870 131.36677742 189.118041992
871 131.36677742 189.118041992
872 131.36677742 189.118041992
873 131.36677742 189.118041992
874 132.086229324 189.837493897
875 132.086229324 189.837493897
876 132.086229324 189.837493897
877 132.086229324 189.837493897
878 132.086229324 189.837493897
879 132.64557457 190.384902954
880 132.64557457 190.384902954
881 132.64557457 190.384902954
882 132.64557457 190.384902954
883 132.64557457 190.384902954
884 133.316324234 191.041793824
885 133.316324234 191.041793824
886 133.316324234 191.041793824
887 133.316324234 191.041793824
888 133.316324234 191.041793824
889 133.941043854 191.651763916
890 133.941043854 191.651763916
891 133.941043854 191.651763916
892 133.956684113 191.667404174
893 133.956684113 191.667404174
894 134.644855499 192.355575561
895 134.644855499 192.355575561
896 134.644855499 192.355575561
897 134.644855499 192.355575561
898 134.644855499 192.355575561
899 135.348667145 193.059387207
900 131.84813118 193.106307984
901 131.84813118 193.106307984
902 131.84813118 193.106307984
903 131.84813118 193.106307984
904 131.84813118 193.106307984
905 132.415086746 193.67326355
906 132.415086746 193.67326355
907 132.415086746 193.67326355
908 132.415086746 193.67326355
909 132.415086746 193.67326355
910 132.991806031 194.236312866
911 132.991806031 194.236312866
912 132.991806031 194.236312866
913 132.991806031 194.236312866
914 133.679977417 194.924484252
915 133.679977417 194.924484252
916 133.679977417 194.924484252
917 133.679977417 194.924484252
918 133.695617675 194.940124511
919 134.27513504 195.503173828
920 134.27513504 195.503173828
921 134.27513504 195.503173828
922 134.27513504 195.503173828
923 134.27513504 195.503173828
924 134.963306427 196.191345215
925 134.963306427 196.191345215
926 134.963306427 196.191345215
927 134.963306427 196.191345215
928 134.963306427 196.191345215
929 135.620197296 196.848236084
930 135.614149094 196.848236084
931 135.614149094 196.848236084
932 135.629789353 196.863876343
933 135.629789353 196.863876343
934 136.298715592 197.520767212
935 136.298715592 197.520767212
936 136.298715592 197.520767212
937 136.298715592 197.520767212
938 136.298715592 197.520767212
939 136.924325943 198.146377563
940 136.924325943 198.146377563
941 136.924325943 198.146377563
942 136.924325943 198.146377563
943 136.924325943 198.146377563
944 137.57570839 198.787628174
945 137.57570839 198.787628174
946 137.57570839 198.787628174
947 137.591348649 198.803268433
948 137.591348649 198.803268433
949 138.182847977 199.381958008
950 138.198488236 199.397598267
951 138.198488236 199.397598267
952 138.198488236 199.397598267
953 138.198488236 199.397598267
954 138.902299881 200.101409912
955 138.902299881 200.101409912
956 138.902299881 200.101409912
957 138.902299881 200.101409912
958 138.902299881 200.101409912
959 139.574831009 200.77394104
960 132.82482338 200.77394104
961 132.82482338 200.77394104
962 132.840463638 200.789581299
963 132.840463638 200.789581299
964 133.44826889 201.383911133
965 133.463909149 201.399551392
966 133.463909149 201.399551392
967 133.463909149 201.399551392
968 133.463909149 201.399551392
969 133.463909149 201.399551392
970 134.177446365 202.087722778
971 134.177446365 202.087722778
972 134.177446365 202.087722778
973 134.177446365 202.087722778
974 134.177446365 202.087722778
975 134.784391403 202.682052612
976 134.784391403 202.682052612
977 134.784391403 202.682052612
978 134.784391403 202.682052612
979 134.784391403 202.682052612
980 135.363080978 203.260742187
981 135.378721237 203.276382446
982 135.378721237 203.276382446
983 135.378721237 203.276382446
984 135.378721237 203.276382446
985 136.203702927 204.089675903
986 136.203702927 204.089675903
987 136.203702927 204.089675903
988 136.203702927 204.089675903
989 136.219343186 204.105316162
990 136.219343186 204.105316162
991 136.985715866 204.871688843
992 136.98396492 204.856048584
993 136.98396492 204.856048584
994 136.98396492 204.856048584
995 136.98396492 204.856048584
996 136.98396492 204.856048584
997 137.59718132 205.450378418
998 137.59718132 205.450378418
999 137.59718132 205.450378418
1000 137.59718132 205.450378418
1001 137.612821578 205.466018677
1002 138.300992965 206.154190064
1003 138.300992965 206.154190064
1004 138.300992965 206.154190064
1005 138.300992965 206.154190064
1006 138.300992965 206.154190064
1007 138.926603317 206.779800415
1008 138.942243576 206.795440674
1009 138.942243576 206.795440674
1010 138.942243576 206.795440674
1011 138.942243576 206.795440674
1012 138.942243576 206.795440674
1013 139.666038514 207.499252319
1014 139.666038514 207.499252319
1015 139.666038514 207.499252319
1016 139.666038514 207.499252319
1017 139.681678772 207.514892578
1018 140.448051452 208.281265259
1019 140.448051452 208.281265259
1020 133.926685333 208.281265259
1021 133.926685333 208.281265259
1022 133.926685333 208.281265259
1023 133.926685333 208.281265259
1024 134.573762893 208.922515869
1025 134.589403152 208.938156127
1026 134.589403152 208.938156127
1027 134.589403152 208.938156127
1028 134.589403152 208.938156127
1029 135.387376785 209.724075317
1030 135.387376785 209.724075317
1031 135.387376785 209.724075317
1032 135.387376785 209.724075317
1033 135.403017044 209.739715576
1034 135.403017044 209.739715576
1035 136.028627396 210.365325927
1036 136.028627396 210.365325927
1037 136.028627396 210.365325927
1038 136.028627396 210.365325927
1039 136.028627396 210.365325927
1040 136.028627396 210.365325927
1041 136.701158524 211.037857055
1042 136.701158524 211.037857055
1043 136.701158524 211.037857055
1044 136.701158524 211.037857055
1045 136.716798783 211.053497314
1046 137.414104462 211.741668701
1047 137.414104462 211.741668701
1048 137.414104462 211.741668701
1049 137.414104462 211.741668701
1050 137.41059494 211.741668701
1051 137.41059494 211.741668701
1052 137.989284515 212.320358276
1053 137.989284515 212.320358276
1054 137.989284515 212.320358276
1055 137.989284515 212.320358276
1056 137.989284515 212.320358276
1057 138.66774559 212.977249145
1058 138.66774559 212.977249145
1059 138.66774559 212.977249145
1060 138.683385849 212.992889404
1061 138.683385849 212.992889404
1062 139.271781921 213.57157898
1063 139.271781921 213.57157898
1064 139.271781921 213.57157898
1065 139.271781921 213.57157898
1066 139.271781921 213.57157898
1067 139.271781921 213.57157898
1068 139.859529495 214.150268555
1069 139.859529495 214.150268555
1070 139.859529495 214.150268555
1071 139.859529495 214.150268555
1072 139.859529495 214.150268555
1073 140.68806076 214.963562012
1074 140.68806076 214.963562012
1075 140.68806076 214.963562012
1076 140.703701019 214.979202271
1077 140.703701019 214.979202271
1078 140.703701019 214.979202271
1079 141.338434219 215.604812622
1080 134.861709594 215.604812622
1081 134.861709594 215.604812622
1082 134.861709594 215.604812622
1083 134.861709594 215.604812622
1084 135.549880981 216.292984009
1085 136.003448486 216.746551514
1086 136.003448486 216.746551514
1087 136.003448486 216.746551514
1088 136.019088745 216.762191772
1089 136.019088745 216.762191772
1090 136.159851074 216.902954101
1091 136.159851074 216.902954101
1092 136.159851074 216.902954101
1093 136.159851074 216.902954101
1094 136.159851074 216.902954101
1095 136.879302978 217.622406005
1096 136.879302978 217.622406005
1097 136.879302978 217.622406005
1098 136.879302978 217.622406005
1099 136.879302978 217.622406005
1100 136.879302978 217.622406005
1101 137.466171264 218.201095581
1102 137.466171264 218.201095581
1103 137.466171264 218.201095581
1104 137.481811523 218.21673584
1105 137.481811523 218.21673584
1106 138.054128647 218.779785156
1107 138.047462463 218.764144897
1108 138.047462463 218.764144897
1109 138.047462463 218.764144897
1110 138.043315887 218.764144897
1111 138.77840805 219.49923706
1112 138.794048309 219.514877319
1113 138.794048309 219.514877319
1114 138.794048309 219.514877319
1115 138.809688568 219.530517578
1116 139.359115601 220.077926636
1117 139.359115601 220.077926636
1118 139.359115601 220.077926636
1119 139.359115601 220.077926636
1120 139.359115601 220.077926636
1121 139.359115601 220.077926636
1122 140.01600647 220.734817505
1123 140.01600647 220.734817505
1124 140.01600647 220.734817505
1125 140.01600647 220.734817505
1126 140.01600647 220.734817505
1127 140.608732224 221.297866822
1128 140.608732224 221.297866822
1129 140.608732224 221.297866822
1130 140.624372483 221.313507081
1131 140.624372483 221.313507081
1132 141.354530335 222.032958985
1133 141.364776611 222.032958984
1134 141.364776611 222.032958984
1135 141.364776611 222.032958984
1136 141.364776611 222.032958984
1137 141.364776611 222.032958984
1138 141.96842575 222.611648559
1139 141.96842575 222.611648559
1140 141.964509964 222.611648559
1141 141.964509964 222.611648559
1142 141.964509964 222.611648559
1143 142.743650437 223.37802124
1144 142.774930954 223.409301758
1145 142.774930954 223.409301758
1146 142.774930954 223.409301758
1147 142.774930954 223.409301758
1148 142.774930954 223.409301758
1149 143.369260788 224.003631592
1150 143.369260788 224.003631592
1151 143.369260788 224.003631592
1152 143.369260788 224.003631592
1153 143.369260788 224.003631592
1154 143.97381401 224.597961426
1155 143.97381401 224.597961426
1156 143.97381401 224.597961426
1157 143.97381401 224.597961426
1158 143.989454269 224.613601685
1159 144.61309433 225.223571778
1160 144.628734589 225.239212036
1161 144.628734589 225.239212036
1162 144.628734589 225.239212036
1163 144.628734589 225.239212036
1164 145.336452484 225.946929932
1165 145.352092743 225.962570191
1166 145.352092743 225.962570191
1167 145.352092743 225.962570191
1168 145.352092743 225.962570191
1169 145.352092743 225.962570191
1170 136.317617417 226.6038208
1171 136.317617417 226.6038208
1172 136.317617417 226.6038208
1173 136.317617417 226.6038208
1174 136.317617417 226.6038208
1175 136.927587509 227.213790893
1176 136.927587509 227.213790893
1177 136.927587509 227.213790893
1178 136.927587509 227.213790893
1179 136.927587509 227.213790893
1180 136.927587509 227.213790893
1181 137.513076782 227.77684021
1182 137.513076782 227.77684021
1183 137.513076782 227.77684021
1184 137.513076782 227.77684021
1185 137.513076782 227.77684021
1186 138.282903672 228.511932373
1187 138.298543931 228.527572632
1188 138.298543931 228.527572632
1189 138.298543931 228.527572632
1190 138.298543931 228.527572632
1191 138.298543931 228.527572632
1192 138.925729751 229.137542725
1193 138.925729751 229.137542725
1194 138.925729751 229.137542725
1195 138.925729751 229.137542725
1196 138.925729751 229.137542725
1197 139.470466613 229.638031006
1198 139.470466613 229.638031006
1199 139.470466613 229.638031006
1200 139.465818405 229.638031006
1201 139.465818405 229.638031006
1202 140.137432099 230.294921875
1203 140.168712616 230.326202393
1204 140.168712616 230.326202393
1205 140.168712616 230.326202393
1206 140.168712616 230.326202393
1207 140.720006943 230.873611451
1208 140.720006943 230.873611451
1209 140.720006943 230.873611451
1210 140.720006943 230.873611451
1211 140.720006943 230.873611451
1212 141.438484192 231.561782837
1213 141.438484192 231.561782837
1214 141.438484192 231.561782837
1215 141.438484192 231.561782837
1216 141.45412445 231.577423095
1217 141.45412445 231.577423095
1218 142.870437622 232.985046386
1219 142.870437622 232.985046386
1220 142.870437622 232.985046386
1221 142.870437622 232.985046386
1222 142.870437622 232.985046386
1223 142.886077881 233.000686645
1224 142.884904861 232.985046386
1225 142.884904861 232.985046386
1226 142.884904861 232.985046386
1227 142.884904861 232.985046386
1228 143.307191849 233.407333374
1229 143.307191849 233.407333374
1230 137.068122863 233.407333374
1231 137.068122863 233.407333374
1232 137.083763122 233.422973633
1233 137.662452698 234.001663208
1234 137.661905288 233.986022949
1235 137.661905288 233.986022949
1236 137.661905288 233.986022949
1237 137.661905288 233.986022949
1238 138.489751816 234.799316406
1239 138.488967895 234.783676147
1240 138.488967895 234.783676147
1241 138.488967895 234.783676147
1242 138.488967895 234.783676147
1243 138.488967895 234.783676147
1244 138.996961593 235.26852417
1245 139.012601852 235.284164429
1246 139.012601852 235.284164429
1247 139.028242111 235.299804688
1248 139.028242111 235.299804688
1249 139.028242111 235.299804688
1250 139.702741623 235.941055297
1251 139.702741623 235.941055297
1252 139.702741623 235.941055297
1253 139.702741623 235.941055297
1254 139.702741623 235.941055297
1255 140.230548859 236.441543579
1256 140.230548859 236.441543579
1257 140.230548859 236.441543579
1258 140.230548859 236.441543579
1259 140.246189117 236.457183838
1260 137.58360672 237.254837036
1261 137.58943367 237.254837036
1262 137.58943367 237.254837036
1263 137.58943367 237.254837036
1264 137.58943367 237.254837036
1265 137.58943367 237.254837036
1266 138.246324539 237.911727905
1267 138.402727127 238.068130493
1268 138.402727127 238.068130493
1269 138.402727127 238.068130493
1270 138.402727127 238.068130493
1271 138.402727127 238.068130493
1272 138.926727295 238.552978516
1273 138.926727295 238.552978516
1274 138.926727295 238.552978516
1275 138.942367554 238.568618775
1276 138.942367554 238.568618775
1277 139.679624558 239.27243042
1278 139.679624558 239.27243042
1279 139.679624558 239.27243042
1280 139.679624558 239.27243042
1281 139.679624558 239.27243042
1282 139.679624558 239.27243042
1283 140.365825653 239.944961548
1284 140.365825653 239.944961548
1285 140.365825653 239.944961548
1286 140.365825653 239.944961548
1287 140.365825653 239.944961548
1288 140.944458008 240.508010864
1289 140.944458008 240.508010864
1290 140.933128357 240.508010864
1291 140.948768616 240.523651123
1292 140.948768616 240.523651123
1293 141.584733963 241.121887207
1294 141.584733963 241.121887207
1295 141.584733963 241.121887207
1296 141.584733963 241.121887207
1297 141.584733963 241.121887207
1298 142.329813004 241.841339112
1299 142.34398079 241.841339111
1300 142.34398079 241.841339111
1301 142.34398079 241.841339111
1302 142.34398079 241.841339111
1303 142.34398079 241.841339111
1304 142.975284577 242.451309204
1305 142.966497422 242.404388427
1306 142.966497422 242.404388427
1307 142.966497422 242.404388427
1308 142.966497422 242.404388427
1309 143.545186997 242.983078003
1310 143.560827255 242.998718262
1311 143.560827255 242.998718262
1312 143.560827255 242.998718262
1313 143.560827255 242.998718262
1314 143.560827255 242.998718262
1315 144.347848892 243.718170166
1316 144.347848892 243.718170166
1317 144.347848892 243.718170166
1318 144.363489151 243.733810425
1319 144.363489151 243.733810425
1320 138.48326683 244.484542847
1321 138.481689453 244.43762207
1322 138.481689453 244.43762207
1323 138.481689453 244.43762207
1324 138.481689453 244.43762207
1325 138.481689453 244.43762207
1326 138.481689453 244.43762207
1327 139.245927811 245.141433716
1328 139.245927811 245.141433716
1329 139.245927811 245.141433716
1330 139.245927811 245.141433716
1331 139.245927811 245.141433716
1332 139.245927811 245.141433716
1333 139.855897903 245.751403809
1334 139.848033905 245.73576355
1335 139.848033905 245.73576355
1336 139.863674164 245.751403809
1337 139.863674164 245.751403809
1338 139.863674164 245.751403809
1339 140.505046845 246.377014161
1340 140.505046845 246.377014161
1341 140.505046845 246.377014161
1342 140.505046845 246.377014161
1343 140.505046845 246.377014161
1344 140.505046845 246.377014161
1345 141.20885849 247.080825806
1346 141.20885849 247.080825806
1347 141.20885849 247.080825806
1348 141.20885849 247.080825806
1349 141.224498749 247.096466064
1350 141.224498749 247.096466064
1351 141.224498749 247.096466064
1352 142.006511689 247.878479004
1353 142.01590538 247.878479004
1354 142.01590538 247.878479004
1355 142.01590538 247.878479004
1356 142.01590538 247.878479004
1357 142.01590538 247.878479004
1358 142.01590538 247.878479004
1359 142.643730163 248.488449097
1360 142.633180618 248.472808838
1361 142.633180618 248.472808838
1362 142.633180618 248.472808838
1363 142.633180618 248.472808838
1364 142.633180618 248.472808838
1365 142.633180618 248.472808838
1366 143.404457092 249.239181518
1367 143.403776168 249.22354126
1368 143.403776168 249.22354126
1369 143.403776168 249.22354126
1370 143.419416427 249.239181519
1371 143.419416427 249.239181519
1372 143.419416427 249.239181519
1373 144.184509277 249.974273682
1374 144.194101334 249.974273682
1375 144.194101334 249.974273682
1376 144.194101334 249.974273682
1377 144.194101334 249.974273682
1378 144.194101334 249.974273682
1379 144.194101334 249.974273682
1380 144.194101334 249.974273682
1381 144.839530945 250.568603516
1382 144.839530945 250.568603516
1383 144.839530945 250.568603516
1384 144.839530945 250.568603516
1385 144.855171204 250.584243774
1386 144.855171204 250.584243774
1387 144.855171204 250.584243774
1388 145.739452362 251.444458007
1389 145.75488472 251.444458008
1390 145.75488472 251.444458008
1391 145.75488472 251.444458008
1392 145.75488472 251.444458008
1393 145.75488472 251.444458008
1394 145.75488472 251.444458008
1395 145.75488472 251.444458008
1396 146.556146622 252.226470947
1397 146.58688736 252.242111206
1398 146.58688736 252.242111206
1399 146.58688736 252.242111206
1400 146.58688736 252.242111206
1401 146.602527618 252.257751465
1402 146.602527618 252.257751465
1403 146.602527618 252.257751465
1404 147.479757309 253.086685181
1405 147.465669632 253.039764404
1406 147.465669632 253.039764404
1407 147.465669632 253.039764404
1408 147.465669632 253.039764404
1409 147.465669632 253.039764404
1410 147.465669632 253.039764404
1411 147.465669632 253.039764404
1412 148.356571197 253.899978638
1413 149.007831573 254.525588989
1414 149.007831573 254.525588989
1415 149.007831573 254.525588989
1416 149.007831573 254.525588989
1417 149.007831573 254.525588989
1418 149.023471832 254.541229248
1419 149.023471832 254.541229248
1420 149.023471832 254.541229248
1421 149.175298691 254.666351319
1422 149.175298691 254.666351319
1423 149.175298691 254.666351319
1424 149.175298691 254.666351319
1425 149.175298691 254.666351319
1426 149.175298691 254.666351319
1427 149.175298691 254.666351319
1428 149.175298691 254.666351319
1429 149.175298691 254.666351319
1430 150.264644623 255.714248657
1431 150.280284882 255.729888916
1432 150.280284882 255.729888916
1433 150.280284882 255.729888916
1434 150.280284882 255.729888916
1435 150.295925141 255.745529174
1436 150.295925141 255.745529174
1437 150.295925141 255.745529174
1438 151.058206559 256.468887329
1439 151.043838501 256.390686035
1440 139.683420181 256.390686035
1441 139.683420181 256.390686035
1442 139.683420181 256.390686035
1443 139.683420181 256.390686035
1444 139.683420181 256.390686035
1445 139.683420181 256.390686035
1446 139.683420181 256.390686035
1447 140.352254867 257.031936645
1448 140.42893219 257.078857422
1449 140.42893219 257.078857422
1450 140.42893219 257.078857422
1451 140.42893219 257.078857422
1452 140.42893219 257.078857422
1453 140.42893219 257.078857422
1454 140.42893219 257.078857422
1455 141.264686585 257.907791138
1456 141.26206398 257.87651062
1457 141.26206398 257.87651062
1458 141.26206398 257.87651062
1459 141.277704239 257.892150879
1460 141.277704239 257.892150879
1461 141.277704239 257.892150879
1462 141.277704239 257.892150879
1463 141.277704239 257.892150879
1464 142.065444947 258.627243042
1465 142.062263489 258.611602783
1466 142.062263489 258.611602783
1467 142.062263489 258.611602783
1468 142.062263489 258.611602783
1469 142.062263489 258.611602783
1470 142.062263489 258.611602783
1471 142.062263489 258.611602783
1472 142.788448334 259.29977417
1473 143.317276 259.768981934
1474 143.317276 259.768981934
1475 143.317276 259.768981934
1476 143.317276 259.768981934
1477 143.317276 259.768981934
1478 143.317276 259.768981934
1479 143.317276 259.768981934
1480 143.567520141 260.019226074
1481 143.561203002 259.956665039
1482 143.561203002 259.956665039
1483 143.561203002 259.956665039
1484 143.561203002 259.956665039
1485 143.561203002 259.956665039
1486 143.561203002 259.956665039
1487 143.561203002 259.956665039
1488 144.905025482 261.286087036
1489 144.919260025 261.270446778
1490 144.919260025 261.270446778
1491 144.919260025 261.270446778
1492 144.934900284 261.286087036
1493 144.934900284 261.286087036
1494 144.934900284 261.286087036
1495 144.934900284 261.286087036
1496 145.704761505 262.00553894
1497 145.702693939 261.974258423
1498 145.702693939 261.974258423
1499 145.702693939 261.974258423
1500 145.684280395 261.974258423
1501 145.684280395 261.974258423
1502 145.684280395 261.974258423
1503 145.684280395 261.974258423
1504 145.684280395 261.974258423
1505 145.941703796 262.208862304
1506 145.939476013 262.161941528
1507 145.939476013 262.161941528
1508 145.939476013 262.161941528
1509 145.939476013 262.161941528
1510 145.955116272 262.177581787
1511 145.955116272 262.177581787
1512 145.955116272 262.177581787
1513 145.955116272 262.177581787
1514 146.785484314 262.975234985
1515 146.801124573 262.990875244
1516 146.801124573 262.990875244
1517 146.801124573 262.990875244
1518 146.801124573 262.990875244
1519 146.801124573 262.990875244
1520 146.801124573 262.990875244
1521 146.801124573 262.990875244
1522 147.538724899 263.710327149
1523 147.527032852 263.663406372
1524 147.542673111 263.679046631
1525 147.542673111 263.679046631
1526 147.542673111 263.679046631
1527 147.55831337 263.69468689
1528 147.55831337 263.69468689
1529 147.55831337 263.69468689
1530 147.55831337 263.69468689
1531 148.289402009 264.367218018
1532 148.289402009 264.367218018
1533 148.289402009 264.367218018
1534 148.289402009 264.367218018
1535 148.289402009 264.367218018
1536 148.289402009 264.367218018
1537 148.289402009 264.367218018
1538 148.914152146 264.961547852
1539 148.914152146 264.961547852
1540 148.914152146 264.961547852
1541 148.914152146 264.961547852
1542 148.929792404 264.97718811
1543 148.929792404 264.97718811
1544 148.929792404 264.97718811
1545 149.712903976 265.727920532
1546 149.709733963 265.712280273
1547 149.709733963 265.712280273
1548 149.709733963 265.712280273
1549 149.709733963 265.712280273
1550 149.709733963 265.712280273
1551 149.709733963 265.712280273
1552 149.709733963 265.712280273
1553 149.709733963 265.712280273
1554 150.51987648 266.478652954
1555 150.535499573 266.478652954
1556 150.535499573 266.478652954
1557 150.535499573 266.478652954
1558 150.535499573 266.478652954
1559 150.535499573 266.478652954
1560 150.535499573 266.478652954
1561 150.535499573 266.478652954
1562 151.328790665 267.213745117
1563 151.316747666 267.166824341
1564 151.316747666 267.166824341
1565 151.316747666 267.166824341
1566 151.316747666 267.166824341
1567 151.316747666 267.166824341
1568 151.316747666 267.166824341
1569 151.316747666 267.166824341
1570 152.067552567 267.870635986
1571 152.067552567 267.870635986
1572 152.067552567 267.870635986
1573 152.067552567 267.870635986
1574 152.067552567 267.870635986
1575 152.083192826 267.886276245
1576 152.083192826 267.886276245
1577 152.083192826 267.886276245
1578 152.884498597 268.637008667
1579 152.876935959 268.590087891
1580 152.876935959 268.590087891
1581 152.876935959 268.590087891
1582 152.876935959 268.590087891
1583 152.876935959 268.590087891
1584 152.876935959 268.590087891
1585 152.876935959 268.590087891
1586 152.876935959 268.590087891
1587 154.609048844 270.201034546
1588 154.624689102 270.216674805
1589 154.624689102 270.216674805
1590 154.600973129 270.216674805
1591 154.600973129 270.216674805
1592 154.600973129 270.216674805
1593 154.600973129 270.216674805
1594 154.600973129 270.216674805
1595 154.568519592 270.122833252
1596 154.57928276 270.122833252
1597 154.57928276 270.122833252
1598 154.57928276 270.122833252
1599 154.57928276 270.122833252
1600 154.57928276 270.122833252
1601 154.57928276 270.122833252
1602 154.57928276 270.122833252
1603 155.158241272 270.642868042
1604 155.158241272 270.642868042
1605 155.158241272 270.642868042
1606 155.158241272 270.642868042
1607 155.158241272 270.642868042
1608 155.158241272 270.642868042
1609 155.158241272 270.642868042
1610 155.158241272 270.642868042
1611 156.107959747 271.471801757
1612 156.131544113 271.456161499
1613 156.131544113 271.456161499
1614 156.131544113 271.456161499
1615 156.131544113 271.456161499
1616 156.131544113 271.456161499
1617 156.131544113 271.456161499
1618 156.131544113 271.456161499
1619 156.131544113 271.456161499
1620 141.305088043 272.206893921
1621 141.305088043 272.206893921
1622 141.305088043 272.206893921
1623 141.305088043 272.206893921
1624 141.305088043 272.206893921
1625 141.305088043 272.206893921
1626 141.305088043 272.206893921
1627 141.305088043 272.206893921
1628 141.305088043 272.206893921
1629 141.930715561 272.73866272
1630 141.930715561 272.73866272
1631 141.930715561 272.73866272
1632 141.930715561 272.73866272
1633 141.930715561 272.73866272
1634 141.930715561 272.73866272
1635 141.930715561 272.73866272
1636 142.788961411 273.520675659
1637 143.496152878 274.177566529
1638 143.496152878 274.177566529
1639 143.496152878 274.177566529
1640 143.496152878 274.177566529
1641 143.496152878 274.177566529
1642 143.496152878 274.177566529
1643 143.496152878 274.177566529
1644 144.283407212 274.912658692
1645 144.293094635 274.897018433
1646 144.308702469 274.897018433
1647 144.308702469 274.897018433
1648 144.308702469 274.897018433
1649 144.308702469 274.897018433
1650 144.287385941 274.897018433
1651 144.287385941 274.897018433
1652 144.287385941 274.897018433
1653 144.353517532 274.865737915
1654 144.364179612 274.834457397
1655 144.364179612 274.834457397
1656 144.364179612 274.834457397
1657 144.364179612 274.834457397
1658 144.364179612 274.834457397
1659 144.364179612 274.834457397
1660 144.364179612 274.834457397
1661 145.154664994 275.585189819
1662 145.168395996 275.585189819
1663 145.168395996 275.585189819
1664 145.168395996 275.585189819
1665 145.168395996 275.585189819
1666 145.184036254 275.600830078
1667 145.184036254 275.600830078
1668 145.184036254 275.600830078
1669 145.980085372 276.335922241
1670 145.963363647 276.273361206
1671 145.963363647 276.273361206
1672 145.963363647 276.273361206
1673 145.963363647 276.273361206
1674 145.963363647 276.273361206
1675 145.963363647 276.273361206
1676 145.963363647 276.273361206
1677 146.666397094 276.930252075
1678 146.662528991 276.883331299
1679 146.67816925 276.898971558
1680 146.664798736 276.898971558
1681 146.664798736 276.898971558
1682 146.680438995 276.914611817
1683 146.680438995 276.914611817
1684 146.680438995 276.914611817
1685 147.430685043 277.587142945
1686 147.424570083 277.555862427
1687 147.424570083 277.555862427
1688 147.424570083 277.555862427
1689 147.424570083 277.555862427
1690 147.424570083 277.555862427
1691 147.424570083 277.555862427
1692 147.424570083 277.555862427
1693 148.223913193 278.212753296
1694 148.217447281 278.16583252
1695 148.217447281 278.16583252
1696 148.217447281 278.16583252
1697 148.217447281 278.16583252
1698 148.217447281 278.16583252
1699 148.217447281 278.16583252
1700 148.217447281 278.16583252
1701 148.217447281 278.16583252
1702 149.707679749 279.510894776
1703 149.707679749 279.510894776
1704 149.707679749 279.510894776
1705 149.707679749 279.510894776
1706 149.707679749 279.510894776
1707 149.707679749 279.510894776
1708 149.707679749 279.510894776
1709 149.707679749 279.510894776
1710 141.763156891 279.542175293
1711 141.761821747 279.510894776
1712 141.761821747 279.510894776
1713 141.761821747 279.510894776
1714 141.761821747 279.510894776
1715 141.761821747 279.510894776
1716 141.761821747 279.510894776
1717 141.761821747 279.510894776
1718 142.488307953 280.183425904
1719 142.497783661 280.152145385
1720 142.497783661 280.152145385
1721 142.497783661 280.152145385
1722 142.51342392 280.167785644
1723 142.51342392 280.167785644
1724 142.51342392 280.167785644
1725 142.51342392 280.167785644
1726 143.433038712 280.99671936
1727 143.476831436 281.012359619
1728 143.476831436 281.012359619
1729 143.476831436 281.012359619
1730 143.476831436 281.012359619
1731 143.476831436 281.012359619
1732 143.476831436 281.012359619
1733 143.476831436 281.012359619
1734 144.303943634 281.794372558
1735 144.295816422 281.731811523
1736 144.295816422 281.731811523
1737 144.295816422 281.731811523
1738 144.295816422 281.731811523
1739 144.311456681 281.747451782
1740 144.289485932 281.747451782
1741 144.289485932 281.747451782
1742 144.289485932 281.747451782
1743 145.038806916 282.341781616
1744 145.038806916 282.341781616
1745 145.038806916 282.341781616
1746 145.038806916 282.341781616
1747 145.038806916 282.341781616
1748 145.038806916 282.341781616
1749 145.038806916 282.341781616
1750 145.038806916 282.341781616
1751 145.907592774 283.123794555
1752 145.908784867 283.076873779
1753 145.908784867 283.076873779
1754 145.908784867 283.076873779
1755 145.908784867 283.076873779
1756 145.924425126 283.092514038
1757 145.924425126 283.092514038
1758 145.924425126 283.092514038
1759 145.924425126 283.092514038
1760 146.74949646 283.815872192
1761 146.74949646 283.815872192
1762 146.74949646 283.815872192
1763 146.74949646 283.815872192
1764 146.74949646 283.815872192
1765 146.74949646 283.815872192
1766 146.74949646 283.815872192
1767 146.74949646 283.815872192
1768 146.74949646 283.815872192
1769 148.091314316 285.129653931
1770 142.740060806 285.129653931
1771 142.740060806 285.129653931
1772 142.740060806 285.129653931
1773 142.755701065 285.14529419
1774 142.755701065 285.14529419
1775 142.755701065 285.14529419
1776 142.755701065 285.14529419
1777 143.530918121 285.896026611
1778 143.512168884 285.833465576
1779 143.512168884 285.833465576
1780 143.512168884 285.833465576
1781 143.512168884 285.833465576
1782 143.512168884 285.833465576
1783 143.512168884 285.833465576
1784 143.512168884 285.833465576
1785 144.368659973 286.678039551
1786 144.361282349 286.584197998
1787 144.361282349 286.584197998
1788 144.361282349 286.584197998
1789 144.361282349 286.584197998
1790 144.376922608 286.599838257
1791 144.376922608 286.599838257
1792 144.376922608 286.599838257
1793 144.376922608 286.599838257
1794 145.222620011 287.33493042
1795 145.216373444 287.256729126
1796 145.216373444 287.256729126
1797 145.216373444 287.256729126
1798 145.216373444 287.256729126
1799 145.216373444 287.256729126
1800 145.216373444 287.256729126
1801 145.216373444 287.256729126
1802 145.40325737 287.366210938
1803 145.405782699 287.319290161
1804 145.405782699 287.319290161
1805 145.405782699 287.319290161
1806 145.405782699 287.319290161
1807 145.421422958 287.33493042
1808 145.421422958 287.33493042
1809 145.421422958 287.33493042
1810 146.198722839 288.023101806
1811 146.198722839 288.023101806
1812 146.198722839 288.023101806
1813 146.198722839 288.023101806
1814 146.198722839 288.023101806
1815 146.198722839 288.023101806
1816 146.198722839 288.023101806
1817 146.198722839 288.023101806
1818 147.070703506 288.789474487
1819 147.058431625 288.648712158
1820 147.050071716 288.633071899
1821 147.050071716 288.633071899
1822 147.050071716 288.633071899
1823 147.050071716 288.633071899
1824 147.065711975 288.648712158
1825 147.065711975 288.648712158
1826 147.065711975 288.648712158
1827 147.899011612 289.430725098
1828 147.889791489 289.336883545
1829 147.889791489 289.336883545
1830 147.866672516 289.336883545
1831 147.866672516 289.336883545
1832 147.866672516 289.336883545
1833 147.866672516 289.336883545
1834 147.866672516 289.336883545
1835 147.866672516 289.336883545
1836 149.05226326 290.494262695
1837 149.03988266 290.400421143
1838 149.03988266 290.400421143
1839 149.03988266 290.400421143
1840 149.03988266 290.400421143
1841 149.03988266 290.400421143
1842 149.055522919 290.416061402
1843 149.055522919 290.416061402
1844 149.055522919 290.416061402
1845 149.055522919 290.416061402
1846 149.871482849 291.119873047
1847 149.871482849 291.119873047
1848 149.871482849 291.119873047
1849 149.871482849 291.119873047
1850 149.871482849 291.119873047
1851 149.871482849 291.119873047
1852 149.871482849 291.119873047
1853 149.871482849 291.119873047
1854 149.871482849 291.119873047
1855 150.470869064 291.573440552
1856 150.486278534 291.573440552
1857 150.486278534 291.573440552
1858 150.486278534 291.573440552
1859 150.486278534 291.573440552
1860 150.489334106 291.58908081
1861 150.489334106 291.58908081
1862 150.489334106 291.58908081
1863 150.489334106 291.58908081
1864 151.374940872 292.324172973
1865 151.374940872 292.324172973
1866 151.374940872 292.324172973
1867 151.374940872 292.324172973
1868 151.374940872 292.324172973
1869 151.374940872 292.324172973
1870 151.374940872 292.324172973
1871 151.374940872 292.324172973
1872 152.086544037 292.981063842
1873 152.086832046 292.918502807
1874 152.102472305 292.934143066
1875 152.102472305 292.934143066
1876 152.102472305 292.934143066
1877 152.102472305 292.934143066
1878 152.118112564 292.949783325
1879 152.118112564 292.949783325
1880 152.118112564 292.949783325
1881 152.911531448 293.684875488
1882 152.911531448 293.684875488
1883 152.911531448 293.684875488
1884 152.911531448 293.684875488
1885 152.911531448 293.684875488
1886 152.911531448 293.684875488
1887 152.911531448 293.684875488
1888 152.911531448 293.684875488
1889 153.716485977 294.388687134
1890 143.137186051 294.373046875
1891 143.137186051 294.373046875
1892 143.137186051 294.373046875
1893 143.137186051 294.373046875
1894 143.152826309 294.388687134
1895 143.152826309 294.388687134
1896 143.152826309 294.388687134
1897 144.022056579 295.170700073
1898 144.019170761 295.155059815
1899 144.019170761 295.155059815
1900 144.019170761 295.155059815
1901 144.019170761 295.155059815
1902 144.019170761 295.155059815
1903 144.019170761 295.155059815
1904 144.019170761 295.155059815
1905 144.634757995 295.655548096
1906 144.627111434 295.592987061
1907 144.642751693 295.60862732
1908 144.642751693 295.60862732
1909 144.642751693 295.60862732
1910 144.642751693 295.60862732
1911 144.642751693 295.60862732
1912 144.642751693 295.60862732
1913 144.642751693 295.60862732
1914 145.494667053 296.375
1915 145.494667053 296.375
1916 145.494667053 296.375
1917 145.494667053 296.375
1918 145.510307312 296.390640258
1919 145.510307312 296.390640258
1920 145.510307312 296.390640258
1921 145.510307312 296.390640258
1922 146.36466217 297.176559448
1923 146.362112045 297.160919189
1924 146.362112045 297.160919189
1925 146.362112045 297.160919189
1926 146.362112045 297.160919189
1927 146.362112045 297.160919189
1928 146.362112045 297.160919189
1929 146.362112045 297.160919189
1930 147.035980225 297.755249023
1931 147.066541672 297.770889282
1932 147.066541672 297.770889282
1933 147.066541672 297.770889282
1934 147.082181931 297.786529541
1935 147.082181931 297.786529541
1936 147.082181931 297.786529541
1937 147.082181931 297.786529541
1938 147.082181931 297.786529541
1939 147.726654053 298.287017822
1940 147.726636887 298.271377563
1941 147.726636887 298.271377563
1942 147.726636887 298.271377563
1943 147.726636887 298.271377563
1944 147.726636887 298.271377563
1945 143.287439346 298.287017822
