2.0	159.968
4.0	80.441
6.0	54.683
8.0	53.642
10.0	54.486
12.0	57.279
14.0	58.337
16.0	59.128
18.0	57.882
20.0	59.713
22.0	57.86
24.0	57.951
26.0	59.176
28.0	61.597
30.0	57.009
32.0	61.882
34.0	58.237
36.0	60.279
38.0	60.488
40.0	57.849
42.0	62.316
44.0	58.655
46.0	60.172
48.0	60.307
50.0	59.634
52.0	59.15
54.0	60.578
56.0	57.466
58.0	62.61
60.0	58.523
62.0	60.852
64.0	60.185
66.0	60.01
68.0	60.268
70.0	58.656
72.0	59.129
74.0	61.192
76.0	59.803
78.0	58.094
80.0	60.517
82.0	59.736
84.0	60.802
86.0	60.07
88.0	58.626
90.0	60.24
92.0	62.039
94.0	58.652
96.0	58.631
98.0	60.982
100.0	60.75
102.0	58.809
104.0	61.357
106.0	58.885
108.0	58.998
110.0	60.597
112.0	59.827
114.0	60.103
116.0	58.873
118.0	60.386
120.0	59.782
122.0	59.444
124.0	61.567
126.0	60.95
128.0	58.174
130.0	60.041
132.0	56.741
134.0	62.236
136.0	60.293
138.0	58.626
140.0	59.629
142.0	57.646
144.0	59.351
146.0	61.365
148.0	59.741
150.0	57.623
152.0	59.652
154.0	61.77
156.0	59.267
158.0	58.617
160.0	59.473
162.0	58.092
164.0	61.114
166.0	58.293
168.0	61.797
170.0	57.018
172.0	60.657
174.0	60.386
176.0	57.236
178.0	61.431
180.0	58.475
182.0	60.037
184.0	58.623
186.0	58.987
188.0	56.173
190.0	58.74
192.0	57.239
194.0	57.02
196.0	55.012
198.0	58.868
200.0	57.221
202.0	56.624
204.0	59.051
206.0	56.638
208.0	56.111
210.0	59.383
212.0	56.089
214.0	57.212
216.0	57.661
218.0	57.762
220.0	57.794
222.0	58.858
224.0	56.417
226.0	56.427
228.0	56.685
230.0	59.171
232.0	56.629
234.0	56.133
236.0	59.576
238.0	56.589
240.0	58.779
242.0	57.357
244.0	56.73
246.0	57.825
248.0	56.767
250.0	57.126
252.0	58.532
254.0	55.58
256.0	58.901
258.0	56.613
260.0	56.496
262.0	57.849
264.0	57.368
266.0	58.335
268.0	55.966
270.0	57.671
272.0	57.466
274.0	58.728
276.0	56.8
278.0	57.177
280.0	57.215
282.0	56.901
284.0	55.639
286.0	60.238
288.0	57.386
290.0	56.908
292.0	57.36
294.0	57.192
296.0	57.432
298.0	56.069
300.0	59.63
302.0	56.526
304.0	56.034
306.0	57.301
308.0	57.611
310.0	58.911
312.0	55.663
314.0	58.363
316.0	57.832
318.0	57.751
320.0	56.794
322.0	57.217
324.0	57.248
326.0	57.085
328.0	56.813
330.0	58.246
332.0	57.063
334.0	58.132
336.0	56.483
338.0	56.989
340.0	57.031
342.0	57.739
344.0	57.165
346.0	57.138
348.0	58.407
350.0	56.954
352.0	58.418
354.0	55.372
356.0	57.61
358.0	57.685
360.0	56.673
362.0	58.275
364.0	56.64
366.0	57.487
368.0	57.11
370.0	57.354
372.0	57.366
374.0	57.057
376.0	56.991
378.0	57.169
380.0	58.764
382.0	56.547
384.0	57.499
386.0	56.464
388.0	56.34
390.0	59.639
392.0	56.465
394.0	58.019
396.0	57.461
398.0	56.427
400.0	57.304
402.0	57.759
404.0	57.059
406.0	57.317
408.0	56.255
410.0	58.311
412.0	55.541
414.0	57.243
416.0	59.827
418.0	56.697
420.0	56.674
422.0	55.634
424.0	57.189
426.0	57.626
428.0	55.994
430.0	51.69
432.0	62.134
434.0	55.991
436.0	53.698
438.0	57.045
440.0	54.572
442.0	55.249
444.0	54.169
446.0	53.052
448.0	57.136
450.0	57.326
452.0	54.467
454.0	56.453
456.0	53.389
458.0	55.24
460.0	55.801
462.0	53.752
464.0	57.07
466.0	54.379
468.0	55.756
470.0	55.273
472.0	54.92
474.0	56.775
476.0	52.404
478.0	56.113
480.0	56.756
482.0	54.342
484.0	56.215
486.0	55.35
488.0	56.606
490.0	54.116
492.0	55.594
494.0	51.889
496.0	52.832
498.0	56.655
500.0	52.842
502.0	55.476
504.0	56.604
506.0	55.52
508.0	55.53
510.0	55.271
512.0	55.35
514.0	54.472
516.0	57.6
518.0	54.18
520.0	55.377
522.0	54.72
524.0	56.303
526.0	55.31
528.0	55.082
530.0	55.166
532.0	55.941
534.0	55.901
536.0	56.003
538.0	52.531
540.0	59.878
542.0	54.474
544.0	56.541
546.0	53.371
548.0	58.345
550.0	55.714
552.0	54.078
554.0	56.729
556.0	57.501
558.0	54.914
560.0	54.342
562.0	55.305
564.0	57.35
566.0	54.772
568.0	56.117
570.0	54.987
572.0	56.188
574.0	55.577
576.0	56.157
578.0	55.182
580.0	54.492
582.0	57.287
584.0	55.704
586.0	55.52
588.0	54.496
590.0	54.947
592.0	56.384
594.0	56.478
596.0	54.833
598.0	53.325
600.0	58.114
602.0	56.556
604.0	54.037
606.0	56.372
608.0	55.883
610.0	55.592
612.0	54.335
614.0	56.624
616.0	55.745
618.0	54.469
620.0	56.237
622.0	56.105
624.0	56.439
626.0	53.872
628.0	56.194
630.0	55.176
632.0	56.324
634.0	55.83
636.0	53.916
638.0	57.047
640.0	56.232
642.0	55.111
644.0	54.367
646.0	55.396
648.0	57.289
650.0	55.462
652.0	55.705
654.0	55.133
656.0	54.704
658.0	56.774
660.0	55.648
662.0	54.44
664.0	55.663
666.0	55.94
668.0	55.632
670.0	54.719
672.0	56.883
674.0	53.505
676.0	54.531
678.0	58.226
680.0	53.738
682.0	54.837
684.0	56.081
686.0	52.058
688.0	57.863
690.0	55.131
692.0	56.096
694.0	55.598
696.0	55.1
698.0	55.236
700.0	55.362
702.0	54.505
704.0	56.568
706.0	54.48
708.0	54.521
710.0	56.423
712.0	54.292
714.0	56.179
716.0	56.201
718.0	54.24
720.0	56.293
722.0	54.7
724.0	54.721
726.0	55.832
728.0	55.522
730.0	56.786
732.0	54.211
734.0	55.255
736.0	54.046
738.0	56.305
740.0	55.645
742.0	54.726
744.0	54.296
746.0	56.21
748.0	55.03
750.0	55.854
752.0	54.157
754.0	56.164
756.0	56.503
758.0	54.005
760.0	55.291
762.0	56.035
764.0	54.791
766.0	55.924
768.0	54.729
770.0	54.614
772.0	55.8
774.0	55.685
776.0	57.156
778.0	54.247
780.0	55.352
782.0	56.275
784.0	54.341
786.0	56.01
788.0	55.666
790.0	54.468
792.0	55.542
794.0	55.047
796.0	56.636
798.0	54.044
800.0	56.218
802.0	55.475
804.0	55.974
806.0	55.403
808.0	54.488
810.0	55.519
812.0	55.723
814.0	54.553
816.0	55.878
818.0	56.391
820.0	54.871
822.0	53.629
824.0	56.81
826.0	57.26
828.0	54.266
830.0	54.116
832.0	56.807
834.0	54.46
836.0	55.903
838.0	55.169
840.0	53.605
842.0	58.657
844.0	54.73
846.0	54.544
848.0	55.635
850.0	55.502
852.0	55.206
854.0	55.608
856.0	55.197
858.0	54.509
860.0	55.87
862.0	55.982
864.0	56.307
866.0	55.009
868.0	54.643
870.0	55.878
872.0	55.111
874.0	55.303
876.0	52.669
878.0	58.538
880.0	55.476
882.0	55.645
884.0	55.235
886.0	55.808
888.0	55.201
890.0	53.179
892.0	57.906
894.0	54.17
896.0	56.038
898.0	56.481
900.0	54.678
902.0	54.815
904.0	55.76
906.0	55.535
908.0	54.749
910.0	56.155
912.0	54.026
914.0	56.914
916.0	55.623
918.0	54.477
920.0	55.697
922.0	55.792
924.0	55.337
926.0	54.913
928.0	54.923
930.0	55.756
932.0	55.131
934.0	56.021
936.0	53.975
938.0	55.497
940.0	54.497
942.0	57.399
944.0	55.056
946.0	55.037
948.0	55.383
950.0	54.75
952.0	57.31
954.0	54.312
956.0	56.193
958.0	55.097
960.0	54.535
962.0	56.364
964.0	54.363
966.0	55.0
968.0	55.558
970.0	55.709
972.0	54.996
974.0	56.12
976.0	53.76
978.0	55.999
980.0	56.292
982.0	53.161
984.0	56.255
986.0	56.214
988.0	54.708
990.0	54.257
992.0	52.231
994.0	58.424
996.0	55.201
998.0	54.287
1000.0	57.916
1002.0	53.725
1004.0	55.533
1006.0	56.95
1008.0	53.501
1010.0	53.807
1012.0	55.274
1014.0	56.242
1016.0	54.616
1018.0	56.685
1020.0	53.779
1022.0	54.136
1024.0	55.007
1026.0	55.358
1028.0	53.646
1030.0	55.639
1032.0	55.801
1034.0	54.1
1036.0	55.65
1038.0	54.093
1040.0	54.136
1042.0	53.632
1044.0	57.659
1046.0	54.252
1048.0	54.763
1050.0	55.276
1052.0	54.532
1054.0	56.294
1056.0	53.516
1058.0	54.556
1060.0	56.189
1062.0	53.209
1064.0	56.324
1066.0	54.68
1068.0	54.075
1070.0	55.45
1072.0	53.489
1074.0	56.821
1076.0	53.208
1078.0	54.876
1080.0	47.731
1082.0	47.372
1084.0	43.851
1086.0	48.073
1088.0	39.001
1090.0	49.75
1092.0	44.897
1094.0	43.444
1096.0	44.595
1098.0	40.367
1100.0	44.491
1102.0	42.715
1104.0	44.324
1106.0	41.005
1108.0	42.125
1110.0	41.295
1112.0	40.447
1114.0	40.335
1116.0	41.59
1118.0	39.682
1120.0	40.436
1122.0	40.515
1124.0	40.896
1126.0	38.149
1128.0	39.196
1130.0	38.917
1132.0	39.085
1134.0	38.04
1136.0	38.053
1138.0	39.105
1140.0	32.405
1142.0	42.015
1144.0	38.539
1146.0	38.313
1148.0	35.995
1150.0	39.533
1152.0	37.413
1154.0	36.989
1156.0	36.252
1158.0	37.327
1160.0	37.518
1162.0	36.436
1164.0	38.016
1166.0	32.849
1168.0	39.882
1170.0	36.892
1172.0	35.909
1174.0	36.646
1176.0	36.047
1178.0	37.338
1180.0	35.704
1182.0	36.566
1184.0	35.35
1186.0	35.598
1188.0	35.282
1190.0	36.043
1192.0	35.989
1194.0	35.877
1196.0	35.735
1198.0	36.261
1200.0	35.313
