382.675286 3221406987 1
382.675286 3221407025 1
424.396976 3221407009 1
424.396976 3221407014 1
431.541871 3221407005 1
510.787412 3221407016 1
526.853376 3221407032 1
547.891038 3221406979 1
639.261053 3221407037 1
644.900565 3221406990 1
650.506018 3221407007 1
760.322424 3221407040 1
780.479037 3221406993 1
785.495641 3221406995 1
821.638379 3221407020 1
832.293575 3221407011 1
832.293575 3221407044 1
888.026566 3221407013 1
893.336348 3221407002 1
908.827791 3221407046 1
913.713742 3221407033 1
922.795163 3221406978 1
922.795163 3221407034 1
933.068236 3221406986 1
933.068236 3221407047 1
942.976703 3221406976 1
953.388145 3221407015 1
974.117736 3221406989 1
984.422598 3221407035 1
1011.641069 3221406977 1
1028.407141 3221407050 1
1050.847361 3221407000 1
1077.599549 3221407021 1
1168.858290 3221407053 1
1195.919261 3221407001 1
1206.309901 3221406999 1
1248.562073 3221407026 1
1264.624900 3221407028 1
1308.634189 3221407063 1
1313.769650 3221407064 1
1426.943676 3221407049 1
1444.330752 3221406998 1
1469.847161 3221407018 1
1477.564340 3221407038 1
1519.608031 3221406994 1
1519.608031 3221407017 1
1559.483387 3221407019 1
1600.123127 3221407052 1
1600.123127 3221407076 1
1633.749501 3221407077 1
1641.373775 3221407043 1
1666.170162 3221407057 1
1722.984171 3221407081 1
1748.469664 3221407030 1
1748.469664 3221407045 1
1756.849907 3221407031 1
1799.861167 3221406984 1
1814.838119 3221407068 1
1833.103946 3221407069 1
1842.184718 3221407070 1
1902.776239 3221406988 1
1902.776239 3221407048 1
1910.866345 3221407073 1
1919.328325 3221406985 1
1919.328325 3221407012 1
