2147665163.0	12.0
2147665168.0	112.0
2147665197.0	176.0
2147665242.0	16.0
2147665247.0	12.0
2147665251.0	16.0
2147665256.0	200.0
2147665307.0	4.0
2147665310.0	196.0
2147665360.0	40.0
2147665371.0	8.0
2147665374.0	72.0
2147665393.0	8.0
2147665396.0	24.0
2147665403.0	76.0
2147665423.0	4.0
2147665425.0	116.0
2147665455.0	28.0
2147665463.0	128.0
2147665496.0	52.0
2147665510.0	252.0
2147665574.0	8.0
2147665577.0	52.0
2147665592.0	252.0
2147665656.0	76.0
2147665676.0	248.0
2147665739.0	8.0
2147665742.0	4.0
2147665744.0	428.0
2147665852.0	28.0
2147665861.0	100.0
2147665887.0	40.0
2147665899.0	36.0
2147665909.0	96.0
2147665934.0	160.0
2147665976.0	180.0
2147666022.0	64.0
2147666039.0	16.0
2147666044.0	84.0
2147666066.0	40.0
2147666077.0	88.0
2147666100.0	48.0
2147666113.0	72.0
2147666132.0	56.0
2147666147.0	56.0
2147666162.0	8.0
2147666165.0	196.0
2147666215.0	224.0
2147666272.0	20.0
2147666278.0	8.0
2147666281.0	28.0
2147666290.0	76.0
2147666310.0	76.0
2147666330.0	16.0
2147666335.0	20.0
2147666341.0	28.0
2147666350.0	36.0
2147666360.0	224.0
2147666417.0	8.0
2147666420.0	56.0
2147666435.0	528.0
2147666568.0	12.0
2147666572.0	52.0
2147666586.0	36.0
2147666596.0	40.0
2147666607.0	44.0
2147666619.0	76.0
2147666639.0	12.0
2147666643.0	76.0
2147666663.0	40.0
2147666674.0	44.0
2147666686.0	184.0
2147666733.0	20.0
2147666739.0	24.0
2147666746.0	68.0
2147666764.0	120.0
2147666795.0	96.0
2147666820.0	80.0
2147666841.0	12.0
2147666845.0	68.0
2147666863.0	20.0
2147666869.0	108.0
2147666897.0	60.0
2147666913.0	92.0
2147666937.0	16.0
2147666942.0	108.0
2147666970.0	4.0
2147666972.0	368.0
2147667065.0	100.0
2147667091.0	200.0
2147667142.0	36.0
2147667152.0	72.0
2147667171.0	24.0
2147667178.0	60.0
2147667194.0	36.0
2147667204.0	52.0
2147667218.0	200.0
2147667269.0	16.0
2147667274.0	12.0
2147667278.0	140.0
2147667315.0	12.0
2147667319.0	4.0
2147667321.0	8.0
2147667324.0	4.0
2147667326.0	328.0
2147667409.0	84.0
2147667431.0	56.0
2147667446.0	96.0
2147667471.0	16.0
2147667476.0	348.0
2147667564.0	24.0
2147667571.0	40.0
2147667582.0	92.0
2147667606.0	84.0
2147667628.0	80.0
2147667649.0	40.0
2147667660.0	76.0
2147667680.0	36.0
2147667690.0	80.0
2147667711.0	68.0
2147667729.0	200.0
2147667780.0	4.0
2147667782.0	36.0
2147667792.0	4.0
2147667794.0	24.0
2147667801.0	52.0
2147667815.0	40.0
2147667826.0	12.0
2147667830.0	84.0
2147667852.0	212.0
2147667906.0	56.0
2147667921.0	80.0
2147667942.0	128.0
2147667975.0	96.0
2147668000.0	108.0
2147668028.0	116.0
2147668058.0	12.0
2147668062.0	24.0
2147668069.0	20.0
2147668075.0	84.0
2147668097.0	52.0
2147668111.0	40.0
2147668122.0	16.0
2147668127.0	48.0
2147668140.0	20.0
2147668146.0	92.0
2147668170.0	84.0
2147668192.0	112.0
2147668221.0	232.0
2147668280.0	76.0
2147668301.0	8.0
2147668304.0	24.0
2147668311.0	8.0
2147668315.0	60.0
2147668331.0	52.0
2147668346.0	216.0
2147668401.0	56.0
2147668416.0	44.0
2147668428.0	28.0
2147668436.0	172.0
2147668480.0	84.0
2147668502.0	48.0
2147668515.0	12.0
2147668519.0	280.0
2147668590.0	292.0
2147668664.0	132.0
2147668698.0	20.0
2147668704.0	92.0
2147668728.0	172.0
2147668772.0	40.0
2147668783.0	120.0
2147668814.0	308.0
2147668892.0	4.0
2147668894.0	20.0
2147668900.0	4.0
2147668902.0	196.0
2147668952.0	12.0
2147668956.0	164.0
2147668998.0	48.0
2147669011.0	260.0
2147669077.0	16.0
2147669082.0	16.0
2147669087.0	96.0
2147669112.0	16.0
2147669117.0	24.0
2147669124.0	56.0
2147669139.0	208.0
2147669192.0	12.0
2147669196.0	8.0
2147669199.0	108.0
2147669227.0	52.0
2147669241.0	108.0
2147669269.0	4.0
2147669271.0	36.0
2147669281.0	64.0
2147669298.0	88.0
2147669321.0	5324.0
2147670653.0	32424.0
2147678760.0	10668.0
2147681428.0	27836.0
2147688388.0	19264.0
2147693205.0	8128.0
2147695238.0	5116.0
2147696518.0	17772.0
2147700962.0	3056.0
2147701727.0	560.0
2147701868.0	3096.0
2147702643.0	5436.0
2147704003.0	128.0
2147704036.0	2456.0
2147704651.0	9548.0
2147707039.0	5524.0
2147708421.0	8476.0
2147710541.0	2732.0
2147711225.0	3076.0
2147711995.0	1724.0
2147712427.0	6776.0
2147714122.0	3628.0
2147715030.0	2696.0
2147715705.0	2424.0
2147716312.0	5256.0
2147717627.0	14936.0
2147721362.0	2444.0
2147721974.0	3096.0
2147722749.0	3464.0
2147723617.0	3348.0
2147724455.0	1972.0
2147724949.0	284.0
2147725021.0	452.0
2147725135.0	2800.0
2147725836.0	216.0
2147725891.0	492.0
2147726015.0	864.0
2147726232.0	1040.0
2147726493.0	96.0
2147726518.0	2908.0
2147727246.0	1560.0
2147727637.0	24.0
2147727644.0	3208.0
2147728447.0	712.0
2147728626.0	2168.0
2147729169.0	64.0
2147729186.0	144.0
2147729223.0	2124.0
2147729755.0	1704.0
2147730182.0	600.0
2147730333.0	712.0
2147730512.0	8.0
2147730515.0	1596.0
2147730915.0	32.0
2147730924.0	64.0
2147730941.0	3016.0
2147731696.0	2280.0
2147732267.0	48.0
2147732280.0	108.0
2147732308.0	2396.0
2147732908.0	3236.0
2147733718.0	1572.0
2147734112.0	712.0
2147734291.0	44.0
2147734303.0	28.0
2147734311.0	1420.0
2147734667.0	12.0
2147734671.0	5392.0
2147736020.0	2816.0
2147736726.0	20.0
2147736732.0	2844.0
2147737444.0	1552.0
2147737833.0	4.0
2147737835.0	2652.0
2147738499.0	628.0
2147738657.0	848.0
2147738870.0	616.0
2147739025.0	1652.0
2147739439.0	1348.0
2147739777.0	2160.0
2147740318.0	1512.0
2147740697.0	948.0
2147740935.0	1220.0
2147741241.0	28.0
2147741249.0	96.0
2147741274.0	1476.0
2147741644.0	716.0
2147741824.0	176.0
2147741869.0	740.0
2147742055.0	836.0
2147742265.0	16.0
2147742270.0	720.0
2147742451.0	2440.0
2147743062.0	1368.0
2147743405.0	44.0
2147743417.0	1584.0
2147743814.0	52.0
2147743828.0	1640.0
2147744239.0	2096.0
2147744764.0	96.0
2147744789.0	812.0
2147744993.0	1444.0
2147745355.0	804.0
2147745557.0	716.0
2147745737.0	108.0
2147745765.0	1416.0
2147746120.0	708.0
2147746298.0	8.0
2147746301.0	832.0
2147746510.0	44.0
2147746522.0	20.0
2147746528.0	72.0
2147746547.0	1440.0
2147746908.0	92.0
2147746932.0	40.0
2147746943.0	624.0
2147747100.0	196.0
2147747150.0	796.0
2147747350.0	1456.0
2147747715.0	144.0
2147747752.0	728.0
2147747935.0	36.0
2147747945.0	768.0
2147748138.0	788.0
2147748336.0	36.0
2147748346.0	580.0
2147748492.0	68.0
2147748510.0	40.0
2147748521.0	2116.0
2147749051.0	1456.0
2147749416.0	76.0
2147749436.0	2156.0
2147749976.0	188.0
2147750024.0	1068.0
2147750313.0	212.0
2147750367.0	16.0
2147750372.0	780.0
2147750568.0	12.0
2147750572.0	628.0
2147750730.0	144.0
2147750767.0	4.0
2147750769.0	1416.0
2147751124.0	4.0
2147751126.0	52.0
2147751140.0	780.0
2147751336.0	1472.0
2147751706.0	724.0
2147751888.0	904.0
2147752115.0	560.0
2147752256.0	20.0
2147752262.0	16.0
2147752267.0	24.0
2147752274.0	60.0
2147752290.0	1308.0
2147752618.0	896.0
2147752843.0	8.0
2147752846.0	4.0
2147752848.0	16.0
2147752854.0	144.0
2147752891.0	724.0
2147753073.0	40.0
2147753084.0	752.0
2147753273.0	136.0
2147753308.0	2228.0
2147753866.0	4.0
2147753868.0	796.0
2147754068.0	12.0
2147754072.0	88.0
2147754095.0	24.0
2147754102.0	12.0
2147754107.0	28.0
2147754115.0	540.0
2147754251.0	44.0
2147754264.0	24.0
2147754271.0	36.0
2147754281.0	760.0
2147754472.0	12.0
2147754476.0	12.0
2147754482.0	16.0
2147754487.0	12.0
2147754491.0	36.0
2147754501.0	4.0
2147754504.0	12.0
2147754508.0	704.0
2147754685.0	8.0
2147754688.0	68.0
2147754706.0	44.0
2147754718.0	24.0
2147754725.0	28.0
2147754733.0	16.0
2147754738.0	796.0
2147754938.0	12.0
2147754942.0	80.0
2147754963.0	16.0
2147754968.0	28.0
2147754976.0	32.0
2147754986.0	728.0
2147755169.0	68.0
2147755187.0	24.0
2147755194.0	628.0
2147755353.0	892.0
2147755577.0	4.0
2147755579.0	816.0
2147755784.0	4.0
2147755787.0	128.0
2147755821.0	32.0
2147755832.0	24.0
2147755839.0	800.0
2147756040.0	4.0
2147756042.0	44.0
2147756055.0	72.0
2147756074.0	24.0
2147756081.0	16.0
2147756086.0	16.0
2147756091.0	32.0
2147756100.0	8.0
2147756103.0	812.0
2147756307.0	28.0
2147756315.0	8.0
2147756318.0	20.0
2147756324.0	36.0
2147756334.0	12.0
2147756338.0	32.0
2147756347.0	4.0
2147756349.0	8.0
2147756353.0	724.0
2147756535.0	20.0
2147756542.0	36.0
2147756552.0	76.0
2147756572.0	68.0
2147756590.0	52.0
2147756604.0	740.0
2147756790.0	112.0
2147756819.0	36.0
2147756829.0	716.0
2147757009.0	16.0
2147757014.0	32.0
2147757023.0	12.0
2147757028.0	100.0
2147757054.0	24.0
2147757061.0	692.0
2147757235.0	40.0
2147757249.0	60.0
2147757265.0	16.0
2147757270.0	24.0
2147757277.0	20.0
2147757283.0	4.0
2147757285.0	660.0
2147757451.0	20.0
2147757457.0	36.0
2147757467.0	40.0
2147757478.0	20.0
2147757484.0	20.0
2147757490.0	8.0
2147757493.0	36.0
2147757503.0	12.0
2147757507.0	784.0
2147757705.0	52.0
2147757719.0	44.0
2147757731.0	20.0
2147757738.0	32.0
2147757747.0	4.0
2147757749.0	920.0
2147757980.0	20.0
2147757986.0	48.0
2147757999.0	32.0
2147758008.0	48.0
2147758021.0	32.0
2147758030.0	608.0
2147758183.0	28.0
2147758191.0	4.0
2147758193.0	32.0
2147758202.0	12.0
2147758206.0	4.0
2147758210.0	12.0
2147758214.0	32.0
2147758223.0	20.0
2147758229.0	44.0
2147758241.0	12.0
2147758246.0	4.0
2147758248.0	8.0
2147758251.0	24.0
2147758258.0	8.0
2147758262.0	12.0
2147758266.0	4.0
2147758268.0	564.0
2147758410.0	4.0
2147758412.0	12.0
2147758416.0	32.0
2147758425.0	52.0
2147758439.0	16.0
2147758444.0	40.0
2147758455.0	8.0
2147758458.0	12.0
2147758462.0	792.0
2147758661.0	20.0
2147758667.0	20.0
2147758673.0	16.0
2147758679.0	36.0
2147758689.0	32.0
2147758698.0	52.0
2147758712.0	4.0
2147758715.0	12.0
2147758720.0	736.0
2147758907.0	32.0
2147758916.0	68.0
2147758934.0	20.0
2147758940.0	12.0
2147758945.0	44.0
2147758957.0	672.0
2147759128.0	20.0
2147759134.0	44.0
2147759147.0	52.0
2147759161.0	36.0
2147759171.0	12.0
2147759175.0	744.0
2147759362.0	8.0
2147759365.0	28.0
2147759375.0	40.0
2147759386.0	12.0
2147759390.0	804.0
2147759592.0	28.0
2147759600.0	16.0
2147759605.0	12.0
2147759609.0	60.0
2147759625.0	24.0
2147759632.0	4.0
2147759634.0	12.0
2147759638.0	4.0
2147759640.0	816.0
2147759845.0	72.0
2147759864.0	12.0
2147759868.0	16.0
2147759873.0	12.0
2147759877.0	8.0
2147759880.0	8.0
2147759883.0	816.0
2147760088.0	20.0
2147760095.0	4.0
2147760097.0	20.0
2147760103.0	16.0
2147760108.0	32.0
2147760117.0	36.0
2147760128.0	4.0
2147760130.0	244.0
2147760222.0	628.0
2147760383.0	260.0
2147760450.0	4.0
2147760505.0	224.0
2147760563.0	72.0
2147760582.0	56.0
2147760597.0	4.0
2147760599.0	28.0
2147760607.0	12.0
2147760611.0	8.0
2147760614.0	24.0
2147760621.0	20.0
2147760627.0	28.0
2147760635.0	4.0
2147760637.0	12.0
2147760642.0	232.0
2147760763.0	248.0
2147760826.0	24.0
2147760834.0	16.0
2147760839.0	24.0
2147760848.0	20.0
2147760855.0	68.0
2147760874.0	280.0
2147761002.0	268.0
2147761071.0	96.0
2147761096.0	104.0
2147761126.0	236.0
2147761248.0	236.0
2147761308.0	28.0
2147761316.0	24.0
2147761323.0	172.0
2147761368.0	276.0
2147761438.0	4.0
2147761498.0	248.0
2147761561.0	28.0
2147761569.0	8.0
2147761572.0	16.0
2147761577.0	12.0
2147761581.0	16.0
2147761587.0	12.0
2147761591.0	12.0
2147761595.0	4.0
2147761597.0	8.0
2147761601.0	284.0
2147761674.0	4.0
2147761745.0	244.0
2147761807.0	4.0
2147761809.0	12.0
2147761814.0	8.0
2147761818.0	8.0
2147761821.0	52.0
2147761836.0	8.0
2147761839.0	36.0
2147761849.0	20.0
2147761856.0	224.0
2147761968.0	276.0
2147762038.0	52.0
2147762052.0	4.0
2147762054.0	44.0
2147762066.0	28.0
2147762074.0	268.0
2147762191.0	280.0
2147762262.0	60.0
2147762278.0	40.0
2147762289.0	28.0
2147762297.0	44.0
2147762309.0	292.0
2147762383.0	4.0
2147762441.0	204.0
2147762493.0	20.0
2147762499.0	16.0
2147762506.0	32.0
2147762515.0	8.0
2147762519.0	20.0
2147762525.0	64.0
2147762545.0	236.0
2147762675.0	264.0
2147762742.0	28.0
2147762750.0	36.0
2147762760.0	92.0
2147762785.0	220.0
2147762841.0	4.0
2147762896.0	224.0
2147762954.0	8.0
2147762957.0	84.0
2147762979.0	16.0
2147762984.0	20.0
2147762990.0	4.0
2147762992.0	4.0
2147762995.0	276.0
2147763120.0	280.0
2147763191.0	88.0
2147763215.0	28.0
2147763223.0	252.0
2147763288.0	4.0
2147763344.0	284.0
2147763416.0	8.0
2147763420.0	20.0
2147763426.0	8.0
2147763430.0	16.0
2147763435.0	44.0
2147763447.0	4.0
2147763449.0	32.0
2147763458.0	212.0
2147763575.0	260.0
2147763641.0	20.0
2147763648.0	16.0
2147763653.0	28.0
2147763663.0	28.0
2147763671.0	36.0
2147763681.0	28.0
2147763689.0	4.0
2147763691.0	24.0
2147763698.0	252.0
2147763812.0	316.0
2147763892.0	64.0
2147763909.0	8.0
2147763912.0	28.0
2147763920.0	8.0
2147763923.0	4.0
2147763925.0	40.0
2147763936.0	8.0
2147763940.0	284.0
2147764072.0	220.0
2147764128.0	36.0
2147764138.0	12.0
2147764143.0	28.0
2147764151.0	52.0
2147764165.0	12.0
2147764169.0	12.0
2147764173.0	24.0
2147764180.0	180.0
2147764293.0	224.0
2147764350.0	4.0
2147764352.0	20.0
2147764359.0	24.0
2147764368.0	24.0
2147764375.0	24.0
2147764382.0	4.0
2147764384.0	24.0
2147764391.0	12.0
2147764395.0	188.0
2147764479.0	248.0
2147764543.0	36.0
2147764553.0	12.0
2147764557.0	12.0
2147764562.0	44.0
2147764574.0	52.0
2147764588.0	276.0
2147764703.0	244.0
2147764766.0	24.0
2147764773.0	16.0
2147764778.0	8.0
2147764781.0	36.0
2147764791.0	36.0
2147764801.0	32.0
2147764810.0	12.0
2147764816.0	260.0
2147764944.0	184.0
2147764991.0	40.0
2147765002.0	12.0
2147765006.0	8.0
2147765010.0	64.0
2147765027.0	24.0
2147765034.0	4.0
2147765036.0	12.0
2147765040.0	204.0
2147765151.0	320.0
2147765232.0	36.0
2147765242.0	48.0
2147765255.0	256.0
2147765368.0	248.0
2147765431.0	12.0
2147765435.0	64.0
2147765452.0	12.0
2147765456.0	4.0
2147765458.0	136.0
2147765493.0	220.0
2147765610.0	248.0
2147765674.0	44.0
2147765686.0	68.0
2147765704.0	20.0
2147765712.0	16.0
2147765717.0	4.0
2147765719.0	20.0
2147765726.0	12.0
2147765730.0	216.0
2147765838.0	220.0
2147765894.0	36.0
2147765904.0	160.0
2147765947.0	220.0
2147766053.0	248.0
2147766116.0	32.0
2147766125.0	36.0
2147766135.0	20.0
2147766142.0	60.0
2147766158.0	268.0
2147766226.0	4.0
2147766275.0	276.0
2147766345.0	4.0
2147766347.0	112.0
2147766377.0	264.0
2147766505.0	204.0
2147766557.0	4.0
2147766559.0	12.0
2147766563.0	12.0
2147766567.0	72.0
2147766586.0	4.0
2147766588.0	20.0
2147766594.0	44.0
2147766607.0	192.0
2147766656.0	4.0
2147766714.0	244.0
2147766776.0	4.0
2147766778.0	16.0
2147766783.0	32.0
2147766792.0	4.0
2147766794.0	24.0
2147766801.0	28.0
2147766809.0	16.0
2147766814.0	8.0
2147766817.0	224.0
2147766874.0	4.0
2147766923.0	348.0
2147767011.0	8.0
2147767014.0	28.0
2147767022.0	16.0
2147767027.0	48.0
2147767040.0	220.0
2147767146.0	228.0
2147767205.0	24.0
2147767212.0	56.0
2147767227.0	20.0
2147767233.0	20.0
2147767239.0	72.0
2147767258.0	196.0
2147767362.0	280.0
2147767433.0	8.0
2147767436.0	68.0
2147767454.0	4.0
2147767456.0	64.0
2147767473.0	8.0
2147767476.0	268.0
2147767592.0	216.0
2147767648.0	12.0
2147767652.0	32.0
2147767662.0	52.0
2147767676.0	40.0
2147767687.0	4.0
2147767689.0	52.0
2147767703.0	8.0
2147767706.0	8.0
2147767709.0	260.0
2147767835.0	272.0
2147767957.0	248.0
2147768082.0	232.0
2147768208.0	220.0
2147768325.0	272.0
2147768451.0	232.0
2147768565.0	112.0
2147768661.0	236.0
2147768778.0	132.0
2147768839.0	212.0
2147768951.0	272.0
2147769052.0	224.0
2147769161.0	232.0
2147769287.0	232.0
2147769403.0	240.0
2147769521.0	256.0
2147769643.0	268.0
2147769770.0	232.0
2147769892.0	260.0
2147770024.0	180.0
2147770127.0	224.0
2147770248.0	168.0
2147770335.0	164.0
