341 36.6774740219 36.6966400146
342 36.6774740219 36.6966400146
343 36.6774740219 36.6966400146
344 36.6774740219 36.6966400146
345 36.6774740219 36.6966400146
346 36.6774740219 36.6966400146
347 36.6774740219 36.6966400146
348 36.6774740219 36.6966400146
349 36.6774740219 36.6966400146
350 36.6774740219 36.6966400146
351 36.6774740219 36.6966400146
352 37.6829061508 37.7020721435
353 37.6873159408 37.7064819336
354 37.6873159408 37.7064819336
355 37.6917257309 37.7108917236
356 37.6917257309 37.7108917236
357 37.6917257309 37.7108917236
358 37.6917257309 37.7108917236
359 37.6917257309 37.7108917236
360 37.6795129776 37.7108917236
361 37.6795129776 37.7108917236
362 37.6795129776 37.7108917236
363 37.6795129776 37.7108917236
364 37.6795129776 37.7108917236
365 37.6795129776 37.7108917236
366 37.6795129776 37.7108917236
367 37.6795129776 37.7108917236
368 37.6795129776 37.7108917236
369 37.6795129776 37.7108917236
370 37.6795129776 37.7108917236
371 37.8603143692 37.8916931153
372 38.2042779922 38.2356567383
373 38.2042779922 38.2356567383
374 38.2042779922 38.2356567383
375 38.2042779922 38.2356567383
376 38.2042779922 38.2356567383
377 38.2042779922 38.2356567383
378 38.2042779922 38.2356567383
379 38.2042779922 38.2356567383
380 38.2042779922 38.2356567383
381 38.2042779922 38.2356567383
382 38.2042779922 38.2356567383
383 38.2042779922 38.2356567383
384 38.2042779922 38.2356567383
385 38.2042779922 38.2356567383
386 38.2042779922 38.2356567383
387 38.6849451065 38.7163238526
388 38.6893548966 38.7207336426
389 38.6981744766 38.7295532227
390 36.8784303665 38.7295532227
391 36.8784303665 38.7295532227
392 36.8784303665 38.7295532227
393 36.8784303665 38.7295532227
394 36.8784303665 38.7295532227
395 36.8784303665 38.7295532227
396 36.8784303665 38.7295532227
397 36.8784303665 38.7295532227
398 36.8784303665 38.7295532227
399 36.8784303665 38.7295532227
400 37.0989198684 38.9500427246
401 37.0989198684 38.9500427246
402 37.0989198684 38.9500427246
403 37.0989198684 38.9500427246
404 37.0989198684 38.9500427246
405 37.1033296585 38.9544525146
406 37.1033296585 38.9544525146
407 37.1033296585 38.9544525146
408 37.3767366409 39.2278594971
409 37.3767366409 39.2278594971
410 37.385556221 39.2366790772
411 37.385556221 39.2366790772
412 37.385556221 39.2366790772
413 37.385556221 39.2366790772
414 37.385556221 39.2366790772
415 37.385556221 39.2366790772
416 37.385556221 39.2366790772
417 37.6545534134 39.5056762695
418 37.6589632034 39.5100860595
419 37.6589632034 39.5100860595
420 37.6573848724 39.5100860595
421 37.6573848724 39.5100860595
422 37.6573848724 39.5100860595
423 37.6573848724 39.5100860595
424 37.6573848724 39.5100860595
425 37.6573848724 39.5100860595
426 38.1512813568 40.0039825439
427 38.1512813568 40.0039825439
428 38.1512813568 40.0039825439
429 38.1512813568 40.0039825439
430 38.1512813568 40.0039825439
431 38.1512813568 40.0039825439
432 38.1512813568 40.0039825439
433 38.1556911468 40.0083923339
434 38.1556911468 40.0083923339
435 38.1556911468 40.0083923339
436 38.1556911468 40.0083923339
437 38.1601009368 40.012802124
438 38.1601009368 40.012802124
439 38.1601009368 40.012802124
440 38.4952449798 40.347946167
441 38.4952449798 40.347946167
442 38.4952449798 40.347946167
443 38.4952449798 40.347946167
444 38.4952449798 40.347946167
445 38.4952449798 40.347946167
446 38.4952449798 40.347946167
447 38.4952449798 40.347946167
448 38.5040645599 40.3567657471
449 38.5040645599 40.3567657471
450 38.5031690597 40.3567657471
451 38.5031690597 40.3567657471
452 38.5031690597 40.3567657471
453 38.5031690597 40.3567657471
454 38.5031690597 40.3567657471
455 38.648692131 40.5022888184
456 38.6531019211 40.5066986084
457 38.6531019211 40.5066986084
458 38.6531019211 40.5066986084
459 38.6531019211 40.5066986084
460 38.6531019211 40.5066986084
461 38.7457075119 40.5993041992
462 38.7457075119 40.5993041992
463 38.7457075119 40.5993041992
464 38.7457075119 40.5993041992
465 38.7457075119 40.5993041992
466 38.8930940628 40.7448272705
467 38.8930940628 40.7448272705
468 38.8930940628 40.7448272705
469 38.8930940628 40.7448272705
470 38.8975038528 40.7492370605
471 39.0121583938 40.8638916015
472 39.0121583938 40.8638916015
473 39.0121583938 40.8638916015
474 39.0121583938 40.8638916015
475 39.0121583938 40.8638916015
476 39.1924562454 41.0441894531
477 39.2012758255 41.0530090332
478 39.2012758255 41.0530090332
479 39.2012758255 41.0530090332
480 39.200296402 41.0530090332
481 39.200296402 41.0530090332
482 39.4472446441 41.2999572753
483 39.4472446441 41.2999572753
484 39.4472446441 41.2999572753
485 39.4472446441 41.2999572753
486 39.4472446441 41.2999572753
487 39.4692935943 41.3220062255
488 39.4692935943 41.3220062255
489 39.4692935943 41.3220062255
490 39.4692935943 41.3220062255
491 39.4692935943 41.3220062255
492 39.6148166656 41.4675292968
493 39.6148166656 41.4675292968
494 39.6148166656 41.4675292968
495 39.6148166656 41.4675292968
496 39.6148166656 41.4675292968
497 39.8264865875 41.6791992187
498 39.8308963776 41.6836090088
499 39.8353061676 41.6880187988
500 39.8353061676 41.6880187988
501 39.8353061676 41.6880187988
502 39.8441257477 41.6968383789
503 39.8441257477 41.6968383789
504 39.8441257477 41.6968383789
505 39.8441257477 41.6968383789
506 40.0072879791 41.8600006103
507 40.0116977691 41.8644104004
508 40.0116977691 41.8644104004
509 40.0116977691 41.8644104004
510 40.0107421875 41.8644104004
511 40.0107421875 41.8644104004
512 40.1606750489 42.0143432618
513 40.1606750489 42.0143432618
514 40.1606750489 42.0143432618
515 40.1606750489 42.0143432618
516 40.1606750489 42.0143432618
517 40.28414917 42.1378173828
518 40.407623291 42.2612915039
519 40.407623291 42.2612915039
520 40.407623291 42.2612915039
521 40.407623291 42.2612915039
522 40.407623291 42.2612915039
523 40.4473114014 42.3009796143
524 40.4473114014 42.3009796143
525 40.4473114014 42.3009796143
526 40.4517211914 42.3053894043
527 40.4517211914 42.3053894043
528 40.5840148926 42.4376831055
529 40.5840148926 42.4376831055
530 40.5840148926 42.4376831055
531 40.5840148926 42.4376831055
532 40.5840148926 42.4376831055
533 40.7559967041 42.609664917
534 40.7604064941 42.614074707
535 40.7604064941 42.614074707
536 40.7604064941 42.614074707
537 40.7604064941 42.614074707
538 40.8971099853 42.7507781982
539 40.8971099853 42.7507781982
540 40.8691139221 42.7507781982
541 40.8691139221 42.7507781982
542 40.8691139221 42.7507781982
543 40.8691139221 42.7507781982
544 41.0190467834 42.9007110595
545 41.0190467834 42.9007110595
546 41.0190467834 42.9007110595
547 41.0190467834 42.9007110595
548 41.0190467834 42.9007110595
549 41.1822090149 43.063873291
550 41.1822090149 43.063873291
551 41.1822090149 43.063873291
552 41.1822090149 43.063873291
553 41.1822090149 43.063873291
554 41.3145027161 43.1961669922
555 41.3189125061 43.2005767822
556 41.3189125061 43.2005767822
557 41.3189125061 43.2005767822
558 41.3189125061 43.2005767822
559 41.4423866272 43.3240509033
560 41.4423866272 43.3240509033
561 41.4423866272 43.3240509033
562 41.4423866272 43.3240509033
563 41.4423866272 43.3240509033
564 41.5790901184 43.4607543945
565 41.5790901184 43.4607543945
566 41.5790901184 43.4607543945
567 41.5834999084 43.4651641846
568 41.5834999084 43.4651641846
569 41.7378425598 43.619506836
570 37.0647573471 43.619506836
571 37.0647573471 43.619506836
572 37.0647573471 43.619506836
573 37.0647573471 43.619506836
574 37.2014608383 43.7562103272
575 37.2014608383 43.7562103272
576 37.2014608383 43.7562103272
577 37.2014608383 43.7562103272
578 37.2058706283 43.7606201172
579 37.2058706283 43.7606201172
580 37.3513936997 43.9061431884
581 37.3513936997 43.9061431884
582 37.3513936997 43.9061431884
583 37.3513936997 43.9061431884
584 37.3513936997 43.9061431884
585 37.5233755112 44.078125
586 37.5454244614 44.1001739502
587 37.5454244614 44.1001739502
588 37.5454244614 44.1001739502
589 37.5454244614 44.1001739502
590 37.5454244614 44.1001739502
591 37.6821279526 44.2368774415
592 37.6821279526 44.2368774415
593 37.6821279526 44.2368774415
594 37.6821279526 44.2368774415
595 37.6865377426 44.2412872315
596 37.6865377426 44.2412872315
597 37.8585195541 44.413269043
598 37.8585195541 44.413269043
599 37.8585195541 44.413269043
600 37.8558101654 44.413269043
601 37.8558101654 44.413269043
602 37.8558101654 44.413269043
603 38.0057430267 44.5632019043
604 38.0057430267 44.5632019043
605 38.0057430267 44.5632019043
606 38.0101528167 44.5676116943
607 38.0101528167 44.5676116943
608 38.1821346283 44.7395935058
609 38.1821346283 44.7395935058
610 38.1821346283 44.7395935058
611 38.1821346283 44.7395935058
612 38.1821346283 44.7395935058
613 38.1821346283 44.7395935058
614 38.2967891693 44.8542480468
615 38.2967891693 44.8542480468
616 38.2967891693 44.8542480468
617 38.2967891693 44.8542480468
618 38.2967891693 44.8542480468
619 38.4334926605 44.9909515381
620 38.4334926605 44.9909515381
621 38.4334926605 44.9909515381
622 38.4379024506 44.9953613282
623 38.4379024506 44.9953613282
624 38.5834255219 45.1408843994
625 38.5834255219 45.1408843994
626 38.5834255219 45.1408843994
627 38.5834255219 45.1408843994
628 38.5834255219 45.1408843994
629 38.7642269135 45.321685791
630 37.144911766 45.326095581
631 37.144911766 45.326095581
632 37.144911766 45.326095581
633 37.144911766 45.326095581
634 37.144911766 45.326095581
635 37.2948446273 45.4760284424
636 37.2948446273 45.4760284424
637 37.2948446273 45.4760284424
638 37.2948446273 45.4760284424
639 37.2948446273 45.4760284424
640 37.2948446273 45.4760284424
641 37.4398641586 45.6210479736
642 37.4398641586 45.6210479736
643 37.4398641586 45.6210479736
644 37.4398641586 45.6210479736
645 37.4398641586 45.6210479736
646 37.5853872299 45.7665710449
647 37.5853872299 45.7665710449
648 37.5853872299 45.7665710449
649 37.58979702 45.770980835
650 37.58979702 45.770980835
651 37.58979702 45.770980835
652 37.7132711411 45.8944549561
653 37.7132711411 45.8944549561
654 37.7132711411 45.8944549561
655 37.7132711411 45.8944549561
656 37.7132711411 45.8944549561
657 37.8499746323 46.0311584473
658 37.8499746323 46.0311584473
659 37.8499746323 46.0311584473
660 37.8519382477 46.0355682373
661 37.8519382477 46.0355682373
662 38.0102872848 46.1899108887
663 38.0102872848 46.1899108887
664 38.0102872848 46.1899108887
665 38.0102872848 46.1899108887
666 38.0102872848 46.1899108887
667 38.1646299362 46.34425354
668 38.1646299362 46.34425354
669 38.1646299362 46.34425354
670 38.1646299362 46.34425354
671 38.1646299362 46.34425354
672 38.1646299362 46.34425354
673 38.3454313278 46.5250549317
674 38.3454313278 46.5250549317
675 38.3454313278 46.5250549317
676 38.3498411178 46.5294647217
677 38.3498411178 46.5294647217
678 38.486544609 46.6661682129
679 38.4909543991 46.670578003
680 38.4909543991 46.670578003
681 38.4909543991 46.670578003
682 38.4909543991 46.670578003
683 38.4909543991 46.670578003
684 38.6541166306 46.8337402344
685 38.6541166306 46.8337402344
686 38.6541166306 46.8337402344
687 38.6541166306 46.8337402344
688 38.6585264206 46.8381500244
689 38.6585264206 46.8381500244
690 37.2123804093 46.9836730957
691 37.2123804093 46.9836730957
692 37.2123804093 46.9836730957
693 37.2123804093 46.9836730957
694 37.2123804093 46.9836730957
695 37.3226251602 47.0939178466
696 37.3226251602 47.0939178466
697 37.3226251602 47.0939178466
698 37.3226251602 47.0939178466
699 37.3226251602 47.0939178466
700 37.4681482316 47.239440918
701 37.4681482316 47.239440918
702 37.4681482316 47.239440918
703 37.4681482316 47.239440918
704 37.4681482316 47.239440918
705 37.6798181534 47.4511108399
706 37.6930475235 47.46434021
707 37.6930475235 47.46434021
708 37.6930475235 47.46434021
709 37.6930475235 47.46434021
710 37.6930475235 47.46434021
711 37.8517999649 47.6230926514
712 37.8517999649 47.6230926514
713 37.8517999649 47.6230926514
714 37.8562097549 47.6275024414
715 37.8562097549 47.6275024414
716 38.0149621963 47.7862548828
717 38.0149621963 47.7862548828
718 38.0149621963 47.7862548828
719 38.0149621963 47.7862548828
720 38.0085248947 47.7862548828
721 38.2069654465 47.9846954345
722 38.2157850266 47.9935150146
723 38.2157850266 47.9935150146
724 38.2157850266 47.9935150146
725 38.2157850266 47.9935150146
726 38.378947258 48.1566772461
727 38.383357048 48.1610870362
728 38.383357048 48.1610870362
729 38.383357048 48.1610870362
730 38.383357048 48.1610870362
731 38.5553388595 48.3330688477
732 38.5553388595 48.3330688477
733 38.5553388595 48.3330688477
734 38.5553388595 48.3330688477
735 38.5553388595 48.3330688477
736 38.7317304611 48.5094604492
737 38.7317304611 48.5094604492
738 38.7317304611 48.5094604492
739 38.7317304611 48.5094604492
740 38.7317304611 48.5094604492
741 38.8968515396 48.6726226807
742 38.8968515396 48.6726226807
743 38.9012613297 48.6770324707
744 38.9012613297 48.6770324707
745 38.9012613297 48.6770324707
746 39.1261606217 48.9019317627
747 39.1261606217 48.9019317627
748 39.1261606217 48.9019317627
749 39.1261606217 48.9019317627
750 39.1232337952 48.9019317627
751 39.2996253968 49.0783233642
752 39.3084449768 49.0871429444
753 39.3084449768 49.0871429444
754 39.3084449768 49.0871429444
755 39.3084449768 49.0871429444
756 39.4804267883 49.2591247559
757 39.4804267883 49.2591247559
758 39.4804267883 49.2591247559
759 39.4804267883 49.2591247559
760 39.4804267883 49.2591247559
761 39.6788673401 49.4575653077
762 39.6788673401 49.4575653077
763 39.6788673401 49.4575653077
764 39.6788673401 49.4575653077
765 39.6788673401 49.4575653077
766 39.8508491516 49.6295471192
767 39.8552589417 49.6339569092
768 39.8552589417 49.6339569092
769 39.8552589417 49.6339569092
770 39.8552589417 49.6339569092
771 40.0492897034 49.8279876709
772 40.0492897034 49.8279876709
773 40.0492897034 49.8279876709
774 40.0492897034 49.8279876709
775 40.0492897034 49.8279876709
776 40.2477302552 50.0264282227
777 40.2565498353 50.0352478027
778 40.2565498353 50.0352478027
779 40.2565498353 50.0352478027
780 40.2530298234 50.0352478027
781 40.4862451554 50.2684631348
782 40.4950647354 50.2772827149
783 40.4950647354 50.2772827149
784 40.4950647354 50.2772827149
785 40.4950647354 50.2772827149
786 40.6317682266 50.4139862061
787 40.6449975967 50.4272155762
788 40.6449975967 50.4272155762
789 40.6449975967 50.4272155762
790 40.6449975967 50.4272155762
791 40.8743066787 50.6565246582
792 40.8787164688 50.6609344482
793 40.8787164688 50.6609344482
794 40.8787164688 50.6609344482
795 40.8787164688 50.6609344482
796 40.8787164688 50.6609344482
797 41.01541996 50.7976379394
798 41.01982975 50.8020477295
799 41.01982975 50.8020477295
800 41.01982975 50.8020477295
801 41.01982975 50.8020477295
802 41.2172832489 50.9960784912
803 41.2216930389 51.0004882813
804 41.2216930389 51.0004882813
805 41.2216930389 51.0004882813
806 41.2216930389 51.0004882813
807 41.4333629608 51.2121582032
808 41.4421825409 51.2209777832
809 41.4421825409 51.2209777832
810 41.4380025863 51.2209777832
811 41.4380025863 51.2209777832
812 41.4380025863 51.2209777832
813 41.6143941879 51.3973693848
814 41.6143941879 51.3973693848
815 41.6143941879 51.3973693848
816 41.6143941879 51.3973693848
817 41.6143941879 51.3973693848
818 41.7765007019 51.5561218262
819 41.7985496521 51.5781707764
820 41.7985496521 51.5781707764
821 41.7985496521 51.5781707764
822 41.7985496521 51.5781707764
823 41.9617118836 51.7413330079
824 41.9617118836 51.7413330079
825 41.9617118836 51.7413330079
826 41.9617118836 51.7413330079
827 41.9617118836 51.7413330079
828 42.1645622254 51.9441833497
829 42.1645622254 51.9441833497
830 42.1645622254 51.9441833497
831 42.1645622254 51.9441833497
832 42.1645622254 51.9441833497
833 42.3321342469 52.1117553711
834 42.340953827 52.1205749511
835 42.340953827 52.1205749511
836 42.340953827 52.1205749511
837 42.340953827 52.1205749511
838 42.5106754303 52.2881469726
839 42.5106754303 52.2881469726
840 38.1674394608 52.2881469726
841 38.1674394608 52.2881469726
842 38.1674394608 52.2881469726
843 38.3217821121 52.442489624
844 38.3350114823 52.4557189941
845 38.3350114823 52.4557189941
846 38.3350114823 52.4557189941
847 38.3350114823 52.4557189941
848 38.5069932938 52.6277008056
849 38.5069932938 52.6277008056
850 38.5069932938 52.6277008056
851 38.5114030838 52.6321105957
852 38.5114030838 52.6321105957
853 38.7098436355 52.8305511475
854 38.7092857361 52.8261413575
855 38.7092857361 52.8261413575
856 38.7092857361 52.8261413575
857 38.7092857361 52.8261413575
858 38.8796157837 52.9893035889
859 38.8796157837 52.9893035889
860 38.8796157837 52.9893035889
861 38.8796157837 52.9893035889
862 38.8796157837 52.9893035889
863 38.8796157837 52.9893035889
864 39.0427780151 53.1524658203
865 39.0427780151 53.1524658203
866 39.0471878052 53.1568756103
867 39.0471878052 53.1568756103
868 39.245628357 53.3553161621
869 39.2544479371 53.3641357422
870 38.3891363144 53.3641357422
871 38.3891363144 53.3641357422
872 38.3891363144 53.3641357422
873 38.3891363144 53.3641357422
874 38.5919866562 53.5669860839
875 38.5919866562 53.5669860839
876 38.5919866562 53.5669860839
877 38.5919866562 53.5669860839
878 38.5919866562 53.5669860839
879 38.7496881485 53.7213287353
880 38.7496881485 53.7213287353
881 38.7496881485 53.7213287353
882 38.7496881485 53.7213287353
883 38.7496881485 53.7213287353
884 38.9387950898 53.9065399169
885 38.9387950898 53.9065399169
886 38.9387950898 53.9065399169
887 38.9387950898 53.9065399169
888 38.9387950898 53.9065399169
889 39.1149253846 54.0785217285
890 39.1149253846 54.0785217285
891 39.1149253846 54.0785217285
892 39.1193351746 54.0829315186
893 39.1193351746 54.0829315186
894 39.3133659363 54.2769622803
895 39.3133659363 54.2769622803
896 39.3133659363 54.2769622803
897 39.3133659363 54.2769622803
898 39.3133659363 54.2769622803
899 39.511806488 54.475402832
900 38.5866661072 54.4886322021
901 38.5866661072 54.4886322021
902 38.5866661072 54.4886322021
903 38.5866661072 54.4886322021
904 38.5866661072 54.4886322021
905 38.7493247985 54.6512908935
906 38.7493247985 54.6512908935
907 38.7493247985 54.6512908935
908 38.7493247985 54.6512908935
909 38.7493247985 54.6512908935
910 38.9119243622 54.810043335
911 38.9119243622 54.810043335
912 38.9119243622 54.810043335
913 38.9119243622 54.810043335
914 39.1059551239 55.0040740967
915 39.1059551239 55.0040740967
916 39.1059551239 55.0040740967
917 39.1059551239 55.0040740967
918 39.1103649139 55.0084838867
919 39.2737569809 55.1672363281
920 39.2737569809 55.1672363281
921 39.2737569809 55.1672363281
922 39.2737569809 55.1672363281
923 39.2737569809 55.1672363281
924 39.4677877426 55.3612670898
925 39.4677877426 55.3612670898
926 39.4677877426 55.3612670898
927 39.4677877426 55.3612670898
928 39.4677877426 55.3612670898
929 39.6529989242 55.5464782715
930 39.6422204971 55.5464782715
931 39.6422204971 55.5464782715
932 39.6466302871 55.5508880616
933 39.6466302871 55.5508880616
934 39.8352298736 55.7360992432
935 39.8352298736 55.7360992432
936 39.8352298736 55.7360992432
937 39.8352298736 55.7360992432
938 39.8352298736 55.7360992432
939 40.0116214752 55.9124908448
940 40.0116214752 55.9124908448
941 40.0116214752 55.9124908448
942 40.0116214752 55.9124908448
943 40.0116214752 55.9124908448
944 40.1952371597 56.0932922364
945 40.1952371597 56.0932922364
946 40.1952371597 56.0932922364
947 40.1996469498 56.0977020264
948 40.1996469498 56.0977020264
949 40.3663215637 56.2608642578
950 40.3707313538 56.2652740479
951 40.3707313538 56.2652740479
952 40.3707313538 56.2652740479
953 40.3707313538 56.2652740479
954 40.5691719055 56.4637145996
955 40.5691719055 56.4637145996
956 40.5691719055 56.4637145996
957 40.5691719055 56.4637145996
958 40.5691719055 56.4637145996
959 40.7587928772 56.6533355713
960 38.9707050324 56.6533355713
961 38.9707050324 56.6533355713
962 38.9751148224 56.6577453613
963 38.9751148224 56.6577453613
964 39.1461629868 56.8253173828
965 39.1505727768 56.8297271728
966 39.1505727768 56.8297271728
967 39.1505727768 56.8297271728
968 39.1505727768 56.8297271728
969 39.1505727768 56.8297271728
970 39.3517408371 57.0237579346
971 39.3517408371 57.0237579346
972 39.3517408371 57.0237579346
973 39.3517408371 57.0237579346
974 39.3517408371 57.0237579346
975 39.522860527 57.1913299561
976 39.522860527 57.1913299561
977 39.522860527 57.1913299561
978 39.522860527 57.1913299561
979 39.522860527 57.1913299561
980 39.6860227584 57.3544921875
981 39.6904325485 57.3589019775
982 39.6904325485 57.3589019775
983 39.6904325485 57.3589019775
984 39.6904325485 57.3589019775
985 39.9227390289 57.5882110596
986 39.9227390289 57.5882110596
987 39.9227390289 57.5882110596
988 39.9227390289 57.5882110596
989 39.9271488189 57.5926208497
990 39.9271488189 57.5926208497
991 40.1432285309 57.8087005616
992 40.1427230835 57.8042907715
993 40.1427230835 57.8042907715
994 40.1427230835 57.8042907715
995 40.1427230835 57.8042907715
996 40.1427230835 57.8042907715
997 40.3154067993 57.971862793
998 40.3154067993 57.971862793
999 40.3154067993 57.971862793
1000 40.3154067993 57.971862793
1001 40.3198165894 57.976272583
1002 40.5138473511 58.1703033447
1003 40.5138473511 58.1703033447
1004 40.5138473511 58.1703033447
1005 40.5138473511 58.1703033447
1006 40.5138473511 58.1703033447
1007 40.6902389527 58.3466949463
1008 40.6946487427 58.3511047363
1009 40.6946487427 58.3511047363
1010 40.6946487427 58.3511047363
1011 40.6946487427 58.3511047363
1012 40.6946487427 58.3511047363
1013 40.8985214233 58.549545288
1014 40.8985214233 58.549545288
1015 40.8985214233 58.549545288
1016 40.8985214233 58.549545288
1017 40.9029312134 58.5539550781
1018 41.1190109253 58.7700347901
1019 41.1190109253 58.7700347901
1020 39.3710651397 58.7700347901
1021 39.3710651397 58.7700347901
1022 39.3710651397 58.7700347901
1023 39.3710651397 58.7700347901
1024 39.5535125732 58.9508361817
1025 39.5579223633 58.9552459717
1026 39.5579223633 58.9552459717
1027 39.5579223633 58.9552459717
1028 39.5579223633 58.9552459717
1029 39.7857112885 59.1796417236
1030 39.7857112885 59.1796417236
1031 39.7857112885 59.1796417236
1032 39.7857112885 59.1796417236
1033 39.7901210785 59.1840515137
1034 39.7901210785 59.1840515137
1035 39.9665126801 59.3604431153
1036 39.9665126801 59.3604431153
1037 39.9665126801 59.3604431153
1038 39.9665126801 59.3604431153
1039 39.9665126801 59.3604431153
1040 39.9665126801 59.3604431153
1041 40.1561336517 59.5500640869
1042 40.1561336517 59.5500640869
1043 40.1561336517 59.5500640869
1044 40.1561336517 59.5500640869
1045 40.1605434417 59.5544738769
1046 40.3568592071 59.7485046387
1047 40.3568592071 59.7485046387
1048 40.3568592071 59.7485046387
1049 40.3568592071 59.7485046387
1050 40.3508987427 59.7485046387
1051 40.3508987427 59.7485046387
1052 40.5140609742 59.9116668701
1053 40.5140609742 59.9116668701
1054 40.5140609742 59.9116668701
1055 40.5140609742 59.9116668701
1056 40.5140609742 59.9116668701
1057 40.7053422928 60.0968780518
1058 40.7053422928 60.0968780518
1059 40.7053422928 60.0968780518
1060 40.7097520828 60.1012878418
1061 40.7097520828 60.1012878418
1062 40.8756465912 60.2644500732
1063 40.8756465912 60.2644500732
1064 40.8756465912 60.2644500732
1065 40.8756465912 60.2644500732
1066 40.8756465912 60.2644500732
1067 40.8756465912 60.2644500732
1068 41.0413608551 60.4276123046
1069 41.0413608551 60.4276123046
1070 41.0413608551 60.4276123046
1071 41.0413608551 60.4276123046
1072 41.0413608551 60.4276123046
1073 41.2749557495 60.6569213867
1074 41.2749557495 60.6569213867
1075 41.2749557495 60.6569213867
1076 41.2793655395 60.6613311768
1077 41.2793655395 60.6613311768
1078 41.2793655395 60.6613311768
1079 41.458322525 60.8377227783
1080 39.7167129517 60.8377227783
1081 39.7167129517 60.8377227783
1082 39.7167129517 60.8377227783
1083 39.7167129517 60.8377227783
1084 39.9107437134 61.0317535401
1085 40.0386276245 61.1596374512
1086 40.0386276245 61.1596374512
1087 40.0386276245 61.1596374512
1088 40.0430374145 61.1640472412
1089 40.0430374145 61.1640472412
1090 40.0827255249 61.2037353515
1091 40.0827255249 61.2037353515
1092 40.0827255249 61.2037353515
1093 40.0827255249 61.2037353515
1094 40.0827255249 61.2037353515
1095 40.2855758667 61.4065856933
1096 40.2855758667 61.4065856933
1097 40.2855758667 61.4065856933
1098 40.2855758667 61.4065856933
1099 40.2855758667 61.4065856933
1100 40.2855758667 61.4065856933
1101 40.4509115219 61.5697479248
1102 40.4509115219 61.5697479248
1103 40.4509115219 61.5697479248
1104 40.455321312 61.5741577149
1105 40.455321312 61.5741577149
1106 40.6166849137 61.7329101563
1107 40.6145029068 61.7285003662
1108 40.6145029068 61.7285003662
1109 40.6145029068 61.7285003662
1110 40.6090736389 61.7285003662
1111 40.8163337708 61.9357604981
1112 40.8207435608 61.9401702881
1113 40.8207435608 61.9401702881
1114 40.8207435608 61.9401702881
1115 40.8251533509 61.9445800781
1116 40.9799900055 62.0989227295
1117 40.9799900055 62.0989227295
1118 40.9799900055 62.0989227295
1119 40.9799900055 62.0989227295
1120 40.9799900055 62.0989227295
1121 40.9799900055 62.0989227295
1122 41.1652011872 62.2841339111
1123 41.1652011872 62.2841339111
1124 41.1652011872 62.2841339111
1125 41.1652011872 62.2841339111
1126 41.1652011872 62.2841339111
1127 41.3323011399 62.4428863525
1128 41.3323011399 62.4428863525
1129 41.3323011399 62.4428863525
1130 41.3367109299 62.4472961426
1131 41.3367109299 62.4472961426
1132 41.5422258377 62.6501464844
1133 41.544801712 62.6501464844
1134 41.544801712 62.6501464844
1135 41.544801712 62.6501464844
1136 41.544801712 62.6501464844
1137 41.544801712 62.6501464844
1138 41.7149858474 62.8133087158
1139 41.7149858474 62.8133087158
1140 41.7096252441 62.8133087158
1141 41.7096252441 62.8133087158
1142 41.7096252441 62.8133087158
1143 41.9290904999 63.0293884277
1144 41.93791008 63.0382080078
1145 41.93791008 63.0382080078
1146 41.93791008 63.0382080078
1147 41.93791008 63.0382080078
1148 41.93791008 63.0382080078
1149 42.1054821015 63.2057800293
1150 42.1054821015 63.2057800293
1151 42.1054821015 63.2057800293
1152 42.1054821015 63.2057800293
1153 42.1054821015 63.2057800293
1154 42.275932312 63.3733520508
1155 42.275932312 63.3733520508
1156 42.275932312 63.3733520508
1157 42.275932312 63.3733520508
1158 42.280342102 63.3777618408
1159 42.4561710357 63.5497436523
1160 42.4605808258 63.5541534423
1161 42.4605808258 63.5541534423
1162 42.4605808258 63.5541534423
1163 42.4605808258 63.5541534423
1164 42.6629276275 63.7565002441
1165 42.6673374176 63.7609100342
1166 42.6673374176 63.7609100342
1167 42.6673374176 63.7609100342
1168 42.6673374176 63.7609100342
1169 42.6673374176 63.7609100342
1170 40.2446308136 63.9417114258
1171 40.2446308136 63.9417114258
1172 40.2446308136 63.9417114258
1173 40.2446308136 63.9417114258
1174 40.2446308136 63.9417114258
1175 40.4166126252 64.1136932373
1176 40.4166126252 64.1136932373
1177 40.4166126252 64.1136932373
1178 40.4166126252 64.1136932373
1179 40.4166126252 64.1136932373
1180 40.4166126252 64.1136932373
1181 40.5815877915 64.2724456787
1182 40.5815877915 64.2724456787
1183 40.5815877915 64.2724456787
1184 40.5815877915 64.2724456787
1185 40.5815877915 64.2724456787
1186 40.7985429764 64.4797058105
1187 40.8029527664 64.4841156006
1188 40.8029527664 64.4841156006
1189 40.8029527664 64.4841156006
1190 40.8029527664 64.4841156006
1191 40.8029527664 64.4841156006
1192 40.9797801971 64.6560974121
1193 40.9797801971 64.6560974121
1194 40.9797801971 64.6560974121
1195 40.9797801971 64.6560974121
1196 40.9797801971 64.6560974121
1197 41.1327705383 64.7972106934
1198 41.1327705383 64.7972106934
1199 41.1327705383 64.7972106934
1200 41.1269330979 64.7972106934
1201 41.1269330979 64.7972106934
1202 41.3162841797 64.982421875
1203 41.3251037598 64.991241455
1204 41.3251037598 64.991241455
1205 41.3251037598 64.991241455
1206 41.3251037598 64.991241455
1207 41.4805431366 65.1455841064
1208 41.4805431366 65.1455841064
1209 41.4805431366 65.1455841064
1210 41.4805431366 65.1455841064
1211 41.4805431366 65.1455841064
1212 41.6827526093 65.3396148681
1213 41.6827526093 65.3396148681
1214 41.6827526093 65.3396148681
1215 41.6827526093 65.3396148681
1216 41.6871623993 65.3440246582
1217 41.6871623993 65.3440246582
1218 42.0864925385 65.7409057617
1219 42.0864925385 65.7409057617
1220 42.0864925385 65.7409057617
1221 42.0864925385 65.7409057617
1222 42.0864925385 65.7409057617
1223 42.0909023285 65.7453155517
1224 42.0904016495 65.7409057617
1225 42.0904016495 65.7409057617
1226 42.0904016495 65.7409057617
1227 42.0904016495 65.7409057617
1228 42.2094659806 65.8599700928
1229 42.2094659806 65.8599700928
1230 40.5265827178 65.8599700928
1231 40.5265827178 65.8599700928
1232 40.5309925079 65.8643798828
1233 40.6941547394 66.0275421142
1234 40.6939878464 66.0231323242
1235 40.6939878464 66.0231323242
1236 40.6939878464 66.0231323242
1237 40.6939878464 66.0231323242
1238 40.9273891449 66.2524414062
1239 40.9271574021 66.2480316162
1240 40.9271574021 66.2480316162
1241 40.9271574021 66.2480316162
1242 40.9271574021 66.2480316162
1243 40.9271574021 66.2480316162
1244 41.0702161789 66.3847351074
1245 41.0746259689 66.3891448974
1246 41.0746259689 66.3891448974
1247 41.0790357589 66.3935546875
1248 41.0790357589 66.3935546875
1249 41.0790357589 66.3935546875
1250 41.2691402435 66.5743560791
1251 41.2691402435 66.5743560791
1252 41.2691402435 66.5743560791
1253 41.2691402435 66.5743560791
1254 41.2691402435 66.5743560791
1255 41.4179430008 66.7154693604
1256 41.4179430008 66.7154693604
1257 41.4179430008 66.7154693604
1258 41.4179430008 66.7154693604
1259 41.4223527908 66.7198791504
1260 40.7145404815 66.9447784424
1261 40.7159957885 66.9447784424
1262 40.7159957885 66.9447784424
1263 40.7159957885 66.9447784424
1264 40.7159957885 66.9447784424
1265 40.7159957885 66.9447784424
1266 40.9012069702 67.129989624
1267 40.9453048706 67.1740875244
1268 40.9453048706 67.1740875244
1269 40.9453048706 67.1740875244
1270 40.9453048706 67.1740875244
1271 40.9453048706 67.1740875244
1272 41.0930194855 67.3107910156
1273 41.0930194855 67.3107910156
1274 41.0930194855 67.3107910156
1275 41.0974292755 67.3152008057
1276 41.0974292755 67.3152008057
1277 41.3050642013 67.5136413574
1278 41.3050642013 67.5136413574
1279 41.3050642013 67.5136413574
1280 41.3050642013 67.5136413574
1281 41.3050642013 67.5136413574
1282 41.3050642013 67.5136413574
1283 41.4985284805 67.7032623291
1284 41.4985284805 67.7032623291
1285 41.4985284805 67.7032623291
1286 41.4985284805 67.7032623291
1287 41.4985284805 67.7032623291
1288 41.6615152359 67.8620147705
1289 41.6615152359 67.8620147705
1290 41.6490221024 67.8620147705
1291 41.6534318924 67.8664245605
1292 41.6534318924 67.8664245605
1293 41.8355226517 68.037902832
1294 41.8355226517 68.037902832
1295 41.8355226517 68.037902832
1296 41.8355226517 68.037902832
1297 41.8355226517 68.037902832
1298 42.0455274582 68.2407531738
1299 42.0495090485 68.2407531739
1300 42.0495090485 68.2407531739
1301 42.0495090485 68.2407531739
1302 42.0495090485 68.2407531739
1303 42.0495090485 68.2407531739
1304 42.2273874283 68.4127349854
1305 42.2242231369 68.3995056153
1306 42.2242231369 68.3995056153
1307 42.2242231369 68.3995056153
1308 42.2242231369 68.3995056153
1309 42.3873853684 68.5626678467
1310 42.3917951584 68.5670776367
1311 42.3917951584 68.5670776367
1312 42.3917951584 68.5670776367
1313 42.3917951584 68.5670776367
1314 42.3917951584 68.5670776367
1315 42.6132926941 68.7699279785
1316 42.6132926941 68.7699279785
1317 42.6132926941 68.7699279785
1318 42.6177024841 68.7743377685
1319 42.6177024841 68.7743377685
1320 41.0390787124 68.9860076904
1321 41.0385990143 68.9727783203
1322 41.0385990143 68.9727783203
1323 41.0385990143 68.9727783203
1324 41.0385990143 68.9727783203
1325 41.0385990143 68.9727783203
1326 41.0385990143 68.9727783203
1327 41.2537984848 69.1712188721
1328 41.2537984848 69.1712188721
1329 41.2537984848 69.1712188721
1330 41.2537984848 69.1712188721
1331 41.2537984848 69.1712188721
1332 41.2537984848 69.1712188721
1333 41.4257802964 69.3432006836
1334 41.4233026505 69.3387908936
1335 41.4233026505 69.3387908936
1336 41.4277124405 69.3432006836
1337 41.4277124405 69.3432006836
1338 41.4277124405 69.3432006836
1339 41.6080913544 69.5195922851
1340 41.6080913544 69.5195922851
1341 41.6080913544 69.5195922851
1342 41.6080913544 69.5195922851
1343 41.6080913544 69.5195922851
1344 41.6080913544 69.5195922851
1345 41.8065319061 69.7180328369
1346 41.8065319061 69.7180328369
1347 41.8065319061 69.7180328369
1348 41.8065319061 69.7180328369
1349 41.8109416961 69.722442627
1350 41.8109416961 69.722442627
1351 41.8109416961 69.722442627
1352 42.0314311981 69.942932129
1353 42.0340738297 69.9429321289
1354 42.0340738297 69.9429321289
1355 42.0340738297 69.9429321289
1356 42.0340738297 69.9429321289
1357 42.0340738297 69.9429321289
1358 42.0340738297 69.9429321289
1359 42.2107191086 70.1149139404
1360 42.2076692581 70.1105041504
1361 42.2076692581 70.1105041504
1362 42.2076692581 70.1105041504
1363 42.2076692581 70.1105041504
1364 42.2076692581 70.1105041504
1365 42.2076692581 70.1105041504
1366 42.4251337052 70.3265838623
1367 42.4249286652 70.3221740723
1368 42.4249286652 70.3221740723
1369 42.4249286652 70.3221740723
1370 42.4293384552 70.3265838623
1371 42.4293384552 70.3265838623
1372 42.4293384552 70.3265838623
1373 42.6449956894 70.5338439941
1374 42.6476116181 70.5338439942
1375 42.6476116181 70.5338439942
1376 42.6476116181 70.5338439942
1377 42.6476116181 70.5338439942
1378 42.6476116181 70.5338439942
1379 42.6476116181 70.5338439942
1380 42.6476116181 70.5338439942
1381 42.829328537 70.7014160157
1382 42.829328537 70.7014160157
1383 42.829328537 70.7014160157
1384 42.829328537 70.7014160157
1385 42.833738327 70.7058258057
1386 42.833738327 70.7058258057
1387 42.833738327 70.7058258057
1388 43.0830497742 70.9483642578
1389 43.0873908996 70.9483642578
1390 43.0873908996 70.9483642578
1391 43.0873908996 70.9483642578
1392 43.0873908996 70.9483642578
1393 43.0873908996 70.9483642578
1394 43.0873908996 70.9483642578
1395 43.0873908996 70.9483642578
1396 43.3131103515 71.1688537597
1397 43.3217668533 71.1732635498
1398 43.3217668533 71.1732635498
1399 43.3217668533 71.1732635498
1400 43.3217668533 71.1732635498
1401 43.3261766434 71.1776733399
1402 43.3261766434 71.1776733399
1403 43.3261766434 71.1776733399
1404 43.5733537674 71.4113922119
1405 43.5691566467 71.3981628418
1406 43.5691566467 71.3981628418
1407 43.5691566467 71.3981628418
1408 43.5691566467 71.3981628418
1409 43.5691566467 71.3981628418
1410 43.5691566467 71.3981628418
1411 43.5691566467 71.3981628418
1412 43.8201789856 71.640701294
1413 44.0036830902 71.8170928955
1414 44.0036830902 71.8170928955
1415 44.0036830902 71.8170928955
1416 44.0036830902 71.8170928955
1417 44.0036830902 71.8170928955
1418 44.0080928802 71.8215026855
1419 44.0080928802 71.8215026855
1420 44.0080928802 71.8215026855
1421 44.0506086349 71.8567810058
1422 44.0506086349 71.8567810058
1423 44.0506086349 71.8567810058
1424 44.0506086349 71.8567810058
1425 44.0506086349 71.8567810058
1426 44.0506086349 71.8567810058
1427 44.0506086349 71.8567810058
1428 44.0506086349 71.8567810058
1429 44.0506086349 71.8567810058
1430 44.3573083877 72.1522369384
1431 44.3617181778 72.1566467285
1432 44.3617181778 72.1566467285
1433 44.3617181778 72.1566467285
1434 44.3617181778 72.1566467285
1435 44.3661279678 72.1610565185
1436 44.3661279678 72.1610565185
1437 44.3661279678 72.1610565185
1438 44.5835132599 72.3678131103
1439 44.5793523788 72.3457641602
1440 41.466799736 72.3457641602
1441 41.466799736 72.3457641602
1442 41.466799736 72.3457641602
1443 41.466799736 72.3457641602
1444 41.466799736 72.3457641602
1445 41.466799736 72.3457641602
1446 41.466799736 72.3457641602
1447 41.6551198959 72.5265655518
1448 41.6767187119 72.5397949218
1449 41.6767187119 72.5397949218
1450 41.6767187119 72.5397949218
1451 41.6767187119 72.5397949218
1452 41.6767187119 72.5397949218
1453 41.6767187119 72.5397949218
1454 41.6767187119 72.5397949218
1455 41.912358284 72.7735137939
1456 41.9115991593 72.7646942138
1457 41.9115991593 72.7646942138
1458 41.9115991593 72.7646942138
1459 41.9160089493 72.7691040039
1460 41.9160089493 72.7691040039
1461 41.9160089493 72.7691040039
1462 41.9160089493 72.7691040039
1463 41.9160089493 72.7691040039
1464 42.1377239227 72.9763641358
1465 42.1368188858 72.9719543457
1466 42.1368188858 72.9719543457
1467 42.1368188858 72.9719543457
1468 42.1368188858 72.9719543457
1469 42.1368188858 72.9719543457
1470 42.1368188858 72.9719543457
1471 42.1368188858 72.9719543457
1472 42.341553688 73.1659851074
1473 42.4906120301 73.2982788086
1474 42.4906120301 73.2982788086
1475 42.4906120301 73.2982788086
1476 42.4906120301 73.2982788086
1477 42.4906120301 73.2982788086
1478 42.4906120301 73.2982788086
1479 42.4906120301 73.2982788086
1480 42.5611686707 73.3688354492
1481 42.559044838 73.351196289
1482 42.559044838 73.351196289
1483 42.559044838 73.351196289
1484 42.559044838 73.351196289
1485 42.559044838 73.351196289
1486 42.559044838 73.351196289
1487 42.559044838 73.351196289
1488 42.9379262925 73.7260284424
1489 42.9419164658 73.7216186524
1490 42.9419164658 73.7216186524
1491 42.9419164658 73.7216186524
1492 42.9463262558 73.7260284424
1493 42.9463262558 73.7260284424
1494 42.9463262558 73.7260284424
1495 42.9463262558 73.7260284424
1496 43.1633605957 73.9288787842
1497 43.1627559661 73.9200592041
1498 43.1627559661 73.9200592041
1499 43.1627559661 73.9200592041
1500 43.1511278152 73.9200592041
1501 43.1511278152 73.9200592041
1502 43.1511278152 73.9200592041
1503 43.1511278152 73.9200592041
1504 43.1511278152 73.9200592041
1505 43.223695755 73.9862060547
1506 43.2230319977 73.9729766846
1507 43.2230319977 73.9729766846
1508 43.2230319977 73.9729766846
1509 43.2230319977 73.9729766846
1510 43.2274417877 73.9773864746
1511 43.2274417877 73.9773864746
1512 43.2274417877 73.9773864746
1513 43.2274417877 73.9773864746
1514 43.4610700607 74.2022857666
1515 43.4654798508 74.2066955567
1516 43.4654798508 74.2066955567
1517 43.4654798508 74.2066955567
1518 43.4654798508 74.2066955567
1519 43.4654798508 74.2066955567
1520 43.4654798508 74.2066955567
1521 43.4654798508 74.2066955567
1522 43.673160553 74.4095458985
1523 43.6693620682 74.3963165283
1524 43.6737718582 74.4007263183
1525 43.6737718582 74.4007263183
1526 43.6737718582 74.4007263183
1527 43.6781816483 74.4051361084
1528 43.6781816483 74.4051361084
1529 43.6781816483 74.4051361084
1530 43.6781816483 74.4051361084
1531 43.8838853836 74.5947570801
1532 43.8838853836 74.5947570801
1533 43.8838853836 74.5947570801
1534 43.8838853836 74.5947570801
1535 43.8838853836 74.5947570801
1536 43.8838853836 74.5947570801
1537 43.8838853836 74.5947570801
1538 44.0596504212 74.7623291016
1539 44.0596504212 74.7623291016
1540 44.0596504212 74.7623291016
1541 44.0596504212 74.7623291016
1542 44.0640602112 74.7667388916
1543 44.0640602112 74.7667388916
1544 44.0640602112 74.7667388916
1545 44.2844657898 74.9784088135
1546 44.2834796906 74.9739990234
1547 44.2834796906 74.9739990234
1548 44.2834796906 74.9739990234
1549 44.2834796906 74.9739990234
1550 44.2834796906 74.9739990234
1551 44.2834796906 74.9739990234
1552 44.2834796906 74.9739990234
1553 44.2834796906 74.9739990234
1554 44.5116710662 75.1900787353
1555 44.5160636901 75.1900787353
1556 44.5160636901 75.1900787353
1557 44.5160636901 75.1900787353
1558 44.5160636901 75.1900787353
1559 44.5160636901 75.1900787353
1560 44.5160636901 75.1900787353
1561 44.5160636901 75.1900787353
1562 44.7395925521 75.3973388672
1563 44.735756874 75.384109497
1564 44.735756874 75.384109497
1565 44.735756874 75.384109497
1566 44.735756874 75.384109497
1567 44.735756874 75.384109497
1568 44.735756874 75.384109497
1569 44.735756874 75.384109497
1570 44.9472360611 75.5825500488
1571 44.9472360611 75.5825500488
1572 44.9472360611 75.5825500488
1573 44.9472360611 75.5825500488
1574 44.9472360611 75.5825500488
1575 44.9516458512 75.5869598389
1576 44.9516458512 75.5869598389
1577 44.9516458512 75.5869598389
1578 45.1773881912 75.7986297608
1579 45.1750001908 75.7854003907
1580 45.1750001908 75.7854003907
1581 45.1750001908 75.7854003907
1582 45.1750001908 75.7854003907
1583 45.1750001908 75.7854003907
1584 45.1750001908 75.7854003907
1585 45.1750001908 75.7854003907
1586 45.1750001908 75.7854003907
1587 45.6631498337 76.2396087647
1588 45.6675596237 76.2440185547
1589 45.6675596237 76.2440185547
1590 45.6510715485 76.2440185547
1591 45.6510715485 76.2440185547
1592 45.6510715485 76.2440185547
1593 45.6510715485 76.2440185547
1594 45.6510715485 76.2440185547
1595 45.6413202286 76.2175598144
1596 45.6441650391 76.2175598145
1597 45.6441650391 76.2175598145
1598 45.6441650391 76.2175598145
1599 45.6441650391 76.2175598145
1600 45.6441650391 76.2175598145
1601 45.6441650391 76.2175598145
1602 45.6441650391 76.2175598145
1603 45.8098468781 76.3669891358
1604 45.8098468781 76.3669891358
1605 45.8098468781 76.3669891358
1606 45.8098468781 76.3669891358
1607 45.8098468781 76.3669891358
1608 45.8098468781 76.3669891358
1609 45.8098468781 76.3669891358
1610 45.8098468781 76.3669891358
1611 46.0772104263 76.6007080079
1612 46.0837545395 76.5962982177
1613 46.0837545395 76.5962982177
1614 46.0837545395 76.5962982177
1615 46.0837545395 76.5962982177
1616 46.0837545395 76.5962982177
1617 46.0837545395 76.5962982177
1618 46.0837545395 76.5962982177
1619 46.0837545395 76.5962982177
1620 42.0027532578 76.8079681396
1621 42.0027532578 76.8079681396
1622 42.0027532578 76.8079681396
1623 42.0027532578 76.8079681396
1624 42.0027532578 76.8079681396
1625 42.0027532578 76.8079681396
1626 42.0027532578 76.8079681396
1627 42.0027532578 76.8079681396
1628 42.0027532578 76.8079681396
1629 42.1785545349 76.957901001
1630 42.1785545349 76.957901001
1631 42.1785545349 76.957901001
1632 42.1785545349 76.957901001
1633 42.1785545349 76.957901001
1634 42.1785545349 76.957901001
1635 42.1785545349 76.957901001
1636 42.4196624756 77.178390503
1637 42.6188898086 77.3636016846
1638 42.6188898086 77.3636016846
1639 42.6188898086 77.3636016846
1640 42.6188898086 77.3636016846
1641 42.6188898086 77.3636016846
1642 42.6188898086 77.3636016846
1643 42.6188898086 77.3636016846
1644 42.8402023315 77.5708618164
1645 42.8426103592 77.5664520264
1646 42.8468704223 77.5664520264
1647 42.8468704223 77.5664520264
1648 42.8468704223 77.5664520264
1649 42.8468704223 77.5664520264
1650 42.8346719741 77.5664520264
1651 42.8346719741 77.5664520264
1652 42.8346719741 77.5664520264
1653 42.8525362014 77.5576324463
1654 42.8554124832 77.5488128662
1655 42.8554124832 77.5488128662
1656 42.8554124832 77.5488128662
1657 42.8554124832 77.5488128662
1658 42.8554124832 77.5488128662
1659 42.8554124832 77.5488128662
1660 42.8554124832 77.5488128662
1661 43.0780792236 77.760482788
1662 43.0815124512 77.760482788
1663 43.0815124512 77.760482788
1664 43.0815124512 77.760482788
1665 43.0815124512 77.760482788
1666 43.0859222412 77.7648925781
1667 43.0859222412 77.7648925781
1668 43.0859222412 77.7648925781
1669 43.3103275299 77.97215271
1670 43.3053255081 77.9545135498
1671 43.3053255081 77.9545135498
1672 43.3053255081 77.9545135498
1673 43.3053255081 77.9545135498
1674 43.3053255081 77.9545135498
1675 43.3053255081 77.9545135498
1676 43.3053255081 77.9545135498
1677 43.5034332275 78.1397247315
1678 43.5020275116 78.1264953613
1679 43.5064373017 78.1309051513
1680 43.5004501343 78.1309051513
1681 43.5004501343 78.1309051513
1682 43.5048599243 78.1353149414
1683 43.5048599243 78.1353149414
1684 43.5048599243 78.1353149414
1685 43.7154846191 78.3249359131
1686 43.7135925293 78.316116333
1687 43.7135925293 78.316116333
1688 43.7135925293 78.316116333
1689 43.7135925293 78.316116333
1690 43.7135925293 78.316116333
1691 43.7135925293 78.316116333
1692 43.7135925293 78.316116333
1693 43.9385356903 78.5013275147
1694 43.9365463256 78.4880981446
1695 43.9365463256 78.4880981446
1696 43.9365463256 78.4880981446
1697 43.9365463256 78.4880981446
1698 43.9365463256 78.4880981446
1699 43.9365463256 78.4880981446
1700 43.9365463256 78.4880981446
1701 43.9365463256 78.4880981446
1702 44.3566579819 78.8673400879
1703 44.3566579819 78.8673400879
1704 44.3566579819 78.8673400879
1705 44.3566579819 78.8673400879
1706 44.3566579819 78.8673400879
1707 44.3566579819 78.8673400879
1708 44.3566579819 78.8673400879
1709 44.3566579819 78.8673400879
1710 42.1770782471 78.876159668
1711 42.1766757965 78.8673400879
1712 42.1766757965 78.8673400879
1713 42.1766757965 78.8673400879
1714 42.1766757965 78.8673400879
1715 42.1766757965 78.8673400879
1716 42.1766757965 78.8673400879
1717 42.1766757965 78.8673400879
1718 42.3810415268 79.0569610596
1719 42.3836870193 79.0481414794
1720 42.3836870193 79.0481414794
1721 42.3836870193 79.0481414794
1722 42.3880968094 79.0525512695
1723 42.3880968094 79.0525512695
1724 42.3880968094 79.0525512695
1725 42.3880968094 79.0525512695
1726 42.6470060349 79.2862701416
1727 42.6591053009 79.2906799316
1728 42.6591053009 79.2906799316
1729 42.6591053009 79.2906799316
1730 42.6591053009 79.2906799316
1731 42.6591053009 79.2906799316
1732 42.6591053009 79.2906799316
1733 42.6591053009 79.2906799316
1734 42.8922014237 79.5111694336
1735 42.8896570206 79.4935302734
1736 42.8896570206 79.4935302734
1737 42.8896570206 79.4935302734
1738 42.8896570206 79.4935302734
1739 42.8940668106 79.4979400634
1740 42.8827695847 79.4979400634
1741 42.8827695847 79.4979400634
1742 42.8827695847 79.4979400634
1743 43.0925111771 79.6655120849
1744 43.0925111771 79.6655120849
1745 43.0925111771 79.6655120849
1746 43.0925111771 79.6655120849
1747 43.0925111771 79.6655120849
1748 43.0925111771 79.6655120849
1749 43.0925111771 79.6655120849
1750 43.0925111771 79.6655120849
1751 43.3367290497 79.8860015869
1752 43.3369579316 79.8727722168
1753 43.3369579316 79.8727722168
1754 43.3369579316 79.8727722168
1755 43.3369579316 79.8727722168
1756 43.3413677216 79.8771820069
1757 43.3413677216 79.8771820069
1758 43.3413677216 79.8771820069
1759 43.3413677216 79.8771820069
1760 43.5764141083 80.0839385987
1761 43.5764141083 80.0839385987
1762 43.5764141083 80.0839385987
1763 43.5764141083 80.0839385987
1764 43.5764141083 80.0839385987
1765 43.5764141083 80.0839385987
1766 43.5764141083 80.0839385987
1767 43.5764141083 80.0839385987
1768 43.5764141083 80.0839385987
1769 43.9545240402 80.4543609619
1770 42.4522676468 80.4543609619
1771 42.4522676468 80.4543609619
1772 42.4522676468 80.4543609619
1773 42.4566774369 80.4587707519
1774 42.4566774369 80.4587707519
1775 42.4566774369 80.4587707519
1776 42.4566774369 80.4587707519
1777 42.6751632691 80.6704406738
1778 42.6696557999 80.6528015137
1779 42.6696557999 80.6528015137
1780 42.6696557999 80.6528015137
1781 42.6696557999 80.6528015137
1782 42.6696557999 80.6528015137
1783 42.6696557999 80.6528015137
1784 42.6696557999 80.6528015137
1785 42.9111347199 80.8909301758
1786 42.9086399079 80.8644714355
1787 42.9086399079 80.8644714355
1788 42.9086399079 80.8644714355
1789 42.9086399079 80.8644714355
1790 42.9130496979 80.8688812256
1791 42.9130496979 80.8688812256
1792 42.9130496979 80.8688812256
1793 42.9130496979 80.8688812256
1794 43.1509084702 81.0761413575
1795 43.14909935 81.0540924073
1796 43.14909935 81.0540924073
1797 43.14909935 81.0540924073
1798 43.14909935 81.0540924073
1799 43.14909935 81.0540924073
1800 43.14909935 81.0540924073
1801 43.14909935 81.0540924073
1802 43.201748848 81.0849609375
1803 43.2020025253 81.0717315674
1804 43.2020025253 81.0717315674
1805 43.2020025253 81.0717315674
1806 43.2020025253 81.0717315674
1807 43.2064123154 81.0761413574
1808 43.2064123154 81.0761413574
1809 43.2064123154 81.0761413574
1810 43.4248895645 81.2701721191
1811 43.4248895645 81.2701721191
1812 43.4248895645 81.2701721191
1813 43.4248895645 81.2701721191
1814 43.4248895645 81.2701721191
1815 43.4248895645 81.2701721191
1816 43.4248895645 81.2701721191
1817 43.4248895645 81.2701721191
1818 43.670578003 81.486251831
1819 43.6666297913 81.4465637207
1820 43.6641359329 81.4421539306
1821 43.6641359329 81.4421539306
1822 43.6641359329 81.4421539306
1823 43.6641359329 81.4421539306
1824 43.6685457229 81.4465637207
1825 43.6685457229 81.4465637207
1826 43.6685457229 81.4465637207
1827 43.9030971527 81.6670532227
1828 43.9002428055 81.6405944824
1829 43.9002428055 81.6405944824
1830 43.8880872727 81.6405944824
1831 43.8880872727 81.6405944824
1832 43.8880872727 81.6405944824
1833 43.8880872727 81.6405944824
1834 43.8880872727 81.6405944824
1835 43.8880872727 81.6405944824
1836 44.2221240998 81.9669189453
1837 44.2179203034 81.9404602051
1838 44.2179203034 81.9404602051
1839 44.2179203034 81.9404602051
1840 44.2179203034 81.9404602051
1841 44.2179203034 81.9404602051
1842 44.2223300934 81.9448699951
1843 44.2223300934 81.9448699951
1844 44.2223300934 81.9448699951
1845 44.2223300934 81.9448699951
1846 44.4522056579 82.1433105469
1847 44.4522056579 82.1433105469
1848 44.4522056579 82.1433105469
1849 44.4522056579 82.1433105469
1850 44.4522056579 82.1433105469
1851 44.4522056579 82.1433105469
1852 44.4522056579 82.1433105469
1853 44.4522056579 82.1433105469
1854 44.4522056579 82.1433105469
1855 44.6206674576 82.271194458
1856 44.625 82.2711944581
1857 44.625 82.2711944581
1858 44.625 82.2711944581
1859 44.625 82.2711944581
1860 44.6234922409 82.2756042481
1861 44.6234922409 82.2756042481
1862 44.6234922409 82.2756042481
1863 44.6234922409 82.2756042481
1864 44.8719720841 82.4828643799
1865 44.8719720841 82.4828643799
1866 44.8719720841 82.4828643799
1867 44.8719720841 82.4828643799
1868 44.8719720841 82.4828643799
1869 44.8719720841 82.4828643799
1870 44.8719720841 82.4828643799
1871 44.8719720841 82.4828643799
1872 45.0720787049 82.6680755615
1873 45.07168293 82.6504364014
1874 45.07609272 82.6548461914
1875 45.07609272 82.6548461914
1876 45.07609272 82.6548461914
1877 45.07609272 82.6548461914
1878 45.08050251 82.6592559815
1879 45.08050251 82.6592559815
1880 45.08050251 82.6592559815
1881 45.3040065765 82.8665161133
1882 45.3040065765 82.8665161133
1883 45.3040065765 82.8665161133
1884 45.3040065765 82.8665161133
1885 45.3040065765 82.8665161133
1886 45.3040065765 82.8665161133
1887 45.3040065765 82.8665161133
1888 45.3040065765 82.8665161133
1889 45.5304088592 83.0649566651
1890 42.5912513733 83.060546875
1891 42.5912513733 83.060546875
1892 42.5912513733 83.060546875
1893 42.5912513733 83.060546875
1894 42.5956611634 83.064956665
1895 42.5956611634 83.064956665
1896 42.5956611634 83.064956665
1897 42.8401050568 83.285446167
1898 42.8392362595 83.2810363769
1899 42.8392362595 83.2810363769
1900 42.8392362595 83.2810363769
1901 42.8392362595 83.2810363769
1902 42.8392362595 83.2810363769
1903 42.8392362595 83.2810363769
1904 42.8392362595 83.2810363769
1905 43.0117139816 83.4221496582
1906 43.0092134476 83.404510498
1907 43.0136232376 83.408920288
1908 43.0136232376 83.408920288
1909 43.0136232376 83.408920288
1910 43.0136232376 83.408920288
1911 43.0136232376 83.408920288
1912 43.0136232376 83.408920288
1913 43.0136232376 83.408920288
1914 43.2530355453 83.625
1915 43.2530355453 83.625
1916 43.2530355453 83.625
1917 43.2530355453 83.625
1918 43.2574453354 83.6294097901
1919 43.2574453354 83.6294097901
1920 43.2574453354 83.6294097901
1921 43.2574453354 83.6294097901
1922 43.5011043549 83.853805542
1923 43.5001440049 83.849395752
1924 43.5001440049 83.849395752
1925 43.5001440049 83.849395752
1926 43.5001440049 83.849395752
1927 43.5001440049 83.849395752
1928 43.5001440049 83.849395752
1929 43.5001440049 83.849395752
1930 43.6900873185 84.0169677735
1931 43.6985750199 84.0213775635
1932 43.6985750199 84.0213775635
1933 43.6985750199 84.0213775635
1934 43.7029848099 84.0257873535
1935 43.7029848099 84.0257873535
1936 43.7029848099 84.0257873535
1937 43.7029848099 84.0257873535
1938 43.7029848099 84.0257873535
1939 43.884516716 84.1669006347
1940 43.8844995499 84.1624908447
1941 43.8844995499 84.1624908447
1942 43.8844995499 84.1624908447
1943 43.8844995499 84.1624908447
1944 43.8844995499 84.1624908447
1945 42.6478672028 84.1669006347
