2.0	151.313
4.0	64.638
6.0	58.367
8.0	53.283
10.0	52.177
12.0	55.368
14.0	55.52
16.0	56.328
18.0	58.646
20.0	58.393
22.0	57.181
24.0	58.427
26.0	59.531
28.0	56.88
30.0	58.886
32.0	59.997
34.0	57.394
36.0	58.245
38.0	58.168
40.0	61.614
42.0	57.898
44.0	60.016
46.0	60.366
48.0	57.525
50.0	59.64
52.0	59.012
54.0	55.985
56.0	61.123
58.0	60.302
60.0	60.796
62.0	57.544
64.0	59.619
66.0	58.083
68.0	60.297
70.0	59.156
72.0	57.265
74.0	61.05
76.0	58.21
78.0	61.223
80.0	54.867
82.0	61.593
84.0	59.242
86.0	58.418
88.0	59.139
90.0	38.602
92.0	56.833
94.0	58.187
96.0	58.306
98.0	59.425
100.0	58.781
102.0	59.45
104.0	59.051
106.0	58.083
108.0	58.826
110.0	58.458
112.0	58.606
114.0	60.035
116.0	59.6
118.0	57.702
120.0	59.297
122.0	58.507
124.0	43.475
126.0	53.811
128.0	56.807
130.0	57.174
132.0	62.149
134.0	57.714
136.0	59.81
138.0	56.705
140.0	58.547
142.0	60.17
144.0	58.339
146.0	55.265
148.0	62.126
150.0	58.502
152.0	59.702
154.0	60.39
156.0	54.459
158.0	60.362
160.0	59.255
162.0	58.54
164.0	58.398
166.0	59.066
168.0	58.585
170.0	60.038
172.0	58.59
174.0	58.764
176.0	59.472
178.0	58.137
180.0	60.248
182.0	58.064
184.0	59.163
186.0	56.05
188.0	59.115
190.0	34.799
192.0	56.013
194.0	55.169
196.0	57.287
198.0	57.198
200.0	55.625
202.0	56.183
204.0	55.734
206.0	58.403
208.0	57.407
210.0	55.568
212.0	56.765
214.0	56.715
216.0	56.249
218.0	59.138
220.0	55.169
222.0	56.258
224.0	57.442
226.0	55.833
228.0	52.349
230.0	60.198
232.0	59.265
234.0	54.53
236.0	58.088
238.0	55.687
240.0	56.807
242.0	56.672
244.0	57.832
246.0	55.11
248.0	37.822
250.0	53.082
252.0	55.366
254.0	56.676
256.0	55.549
258.0	57.624
260.0	57.473
262.0	55.957
264.0	56.61
266.0	58.114
268.0	56.099
270.0	56.568
272.0	58.403
274.0	55.882
276.0	56.195
278.0	56.861
280.0	55.75
282.0	57.069
284.0	55.414
286.0	57.54
288.0	56.488
290.0	56.354
292.0	58.501
294.0	55.035
296.0	56.384
298.0	56.316
300.0	38.027
302.0	53.417
304.0	54.653
306.0	56.1
308.0	56.914
310.0	55.214
312.0	38.469
314.0	55.896
316.0	53.939
318.0	56.055
320.0	56.967
322.0	56.382
324.0	56.051
326.0	57.864
328.0	52.346
330.0	60.001
332.0	56.559
334.0	56.647
336.0	37.729
338.0	53.097
340.0	51.535
342.0	39.47
344.0	52.903
346.0	56.073
348.0	39.276
350.0	45.169
352.0	60.896
354.0	57.869
356.0	54.906
358.0	57.123
360.0	55.854
362.0	56.944
364.0	55.714
366.0	57.154
368.0	40.502
370.0	52.148
372.0	54.774
374.0	55.371
376.0	56.961
378.0	56.39
380.0	55.637
382.0	56.789
384.0	57.428
386.0	56.477
388.0	35.779
390.0	34.424
392.0	51.498
394.0	56.272
396.0	56.218
398.0	56.482
400.0	56.246
402.0	40.182
404.0	50.816
406.0	54.953
408.0	57.251
410.0	37.474
412.0	51.518
414.0	56.653
416.0	42.515
418.0	46.629
420.0	39.928
422.0	49.381
424.0	51.279
426.0	56.098
428.0	56.435
430.0	49.37
432.0	44.294
434.0	53.466
436.0	55.675
438.0	39.75
440.0	52.384
442.0	56.408
444.0	54.553
446.0	55.655
448.0	56.889
450.0	57.195
452.0	53.174
454.0	54.666
456.0	55.373
458.0	55.49
460.0	55.323
462.0	54.612
464.0	53.468
466.0	54.526
468.0	55.686
470.0	53.909
472.0	53.91
474.0	34.654
476.0	51.872
478.0	54.614
480.0	47.443
482.0	40.819
484.0	35.183
486.0	48.689
488.0	54.266
490.0	35.49
492.0	50.698
494.0	40.874
496.0	50.064
498.0	52.984
500.0	50.424
502.0	56.059
504.0	54.175
506.0	53.909
508.0	54.5
510.0	56.56
512.0	54.498
514.0	54.231
516.0	54.591
518.0	54.593
520.0	37.896
522.0	48.515
524.0	38.515
526.0	42.194
528.0	56.74
530.0	55.377
532.0	35.98
534.0	51.207
536.0	35.336
538.0	48.663
540.0	35.38
542.0	36.833
544.0	45.785
546.0	0.467
548.0	34.539
550.0	27.845
552.0	39.134
554.0	52.743
556.0	52.44
558.0	54.282
560.0	53.075
562.0	53.795
564.0	52.743
566.0	54.417
568.0	52.779
570.0	54.858
572.0	49.15
574.0	56.56
576.0	57.704
578.0	50.439
580.0	58.104
582.0	54.984
584.0	54.134
586.0	53.921
588.0	54.419
590.0	54.206
592.0	54.107
594.0	54.912
596.0	53.73
598.0	54.271
600.0	54.794
602.0	53.566
604.0	54.28
606.0	54.341
608.0	55.227
610.0	54.348
612.0	54.954
614.0	54.847
616.0	54.276
618.0	51.192
620.0	56.898
622.0	55.374
624.0	53.616
626.0	54.476
628.0	53.438
630.0	48.513
632.0	44.706
634.0	52.518
636.0	55.553
638.0	39.633
640.0	29.354
642.0	48.367
644.0	52.519
646.0	55.91
648.0	53.395
650.0	53.422
652.0	56.141
654.0	53.043
656.0	54.928
658.0	54.093
660.0	54.166
662.0	53.97
664.0	54.313
666.0	53.257
668.0	55.178
670.0	53.795
672.0	54.97
674.0	54.114
676.0	52.039
678.0	56.376
680.0	52.869
682.0	55.485
684.0	41.318
686.0	44.98
688.0	36.482
690.0	50.709
692.0	53.775
694.0	51.039
696.0	52.918
698.0	53.723
700.0	50.876
702.0	57.621
704.0	53.134
706.0	51.869
708.0	57.502
710.0	53.039
712.0	54.251
714.0	54.599
716.0	53.592
718.0	55.592
720.0	51.857
722.0	55.254
724.0	54.441
726.0	53.139
728.0	52.623
730.0	41.664
732.0	38.841
734.0	45.754
736.0	54.067
738.0	50.814
740.0	57.739
742.0	53.915
744.0	53.635
746.0	54.538
748.0	37.76
750.0	42.842
752.0	39.552
754.0	53.514
756.0	53.596
758.0	54.299
760.0	53.749
762.0	22.126
764.0	56.702
766.0	55.353
768.0	54.248
770.0	56.939
772.0	45.383
774.0	44.726
776.0	53.443
778.0	54.43
780.0	54.469
782.0	55.852
784.0	52.808
786.0	55.255
788.0	54.135
790.0	51.63
792.0	57.723
794.0	54.747
796.0	54.481
798.0	53.95
800.0	55.618
802.0	54.455
804.0	39.615
806.0	39.281
808.0	18.032
810.0	46.401
812.0	55.411
814.0	54.439
816.0	53.901
818.0	54.066
820.0	54.259
822.0	37.118
824.0	50.535
826.0	52.867
828.0	56.048
830.0	52.951
832.0	54.888
834.0	55.206
836.0	53.98
838.0	53.314
840.0	55.364
842.0	53.253
844.0	55.478
846.0	55.022
848.0	53.633
850.0	53.799
852.0	52.617
854.0	56.921
856.0	54.634
858.0	53.87
860.0	55.024
862.0	54.239
864.0	37.303
866.0	48.893
868.0	53.391
870.0	36.18
872.0	51.91
874.0	28.312
876.0	37.105
878.0	50.207
880.0	54.569
882.0	54.755
884.0	53.747
886.0	54.472
888.0	53.623
890.0	36.085
892.0	51.83
894.0	52.552
896.0	54.725
898.0	34.884
900.0	32.685
902.0	49.965
904.0	53.571
906.0	52.967
908.0	56.08
910.0	53.554
912.0	50.491
914.0	38.536
916.0	52.216
918.0	53.927
920.0	54.133
922.0	49.089
924.0	56.391
926.0	56.879
928.0	53.883
930.0	53.787
932.0	43.971
934.0	35.873
936.0	42.569
938.0	51.594
940.0	52.505
942.0	53.232
944.0	38.007
946.0	50.173
948.0	38.044
950.0	47.741
952.0	50.704
954.0	52.905
956.0	48.619
958.0	41.218
960.0	49.548
962.0	55.015
964.0	51.466
966.0	52.188
968.0	54.263
970.0	55.277
972.0	54.491
974.0	53.824
976.0	48.0
978.0	43.722
980.0	53.777
982.0	47.082
984.0	40.836
986.0	51.977
988.0	37.5
990.0	48.436
992.0	55.01
994.0	36.847
996.0	49.704
998.0	53.648
1000.0	54.196
1002.0	35.317
1004.0	50.0
1006.0	50.577
1008.0	36.893
1010.0	52.507
1012.0	52.146
1014.0	56.005
1016.0	53.568
1018.0	54.427
1020.0	39.141
1022.0	47.644
1024.0	54.228
1026.0	34.378
1028.0	50.895
1030.0	52.594
1032.0	55.375
1034.0	46.829
1036.0	40.552
1038.0	33.181
1040.0	51.495
1042.0	53.388
1044.0	36.131
1046.0	31.96
1048.0	49.049
1050.0	52.167
1052.0	52.33
1054.0	36.74
1056.0	50.898
1058.0	50.595
1060.0	5.829
1062.0	53.454
1064.0	53.468
1066.0	54.268
1068.0	41.568
1070.0	48.633
1072.0	50.458
1074.0	37.617
1076.0	40.98
1078.0	42.196
1080.0	48.979
1082.0	53.616
1084.0	52.973
1086.0	35.287
1088.0	33.255
1090.0	46.551
1092.0	52.268
1094.0	37.189
1096.0	47.476
1098.0	53.41
1100.0	51.912
1102.0	44.483
1104.0	42.301
1106.0	52.965
1108.0	53.094
1110.0	38.398
1112.0	46.978
1114.0	48.942
1116.0	38.203
1118.0	45.576
1120.0	38.783
1122.0	49.678
1124.0	41.748
1126.0	44.508
1128.0	12.272
1130.0	45.566
1132.0	34.007
1134.0	27.299
1136.0	45.896
1138.0	49.859
1140.0	31.605
1142.0	26.554
1144.0	29.583
1146.0	31.654
1148.0	47.361
1150.0	24.887
1152.0	50.578
1154.0	43.664
1156.0	18.706
1158.0	35.948
1160.0	46.232
1162.0	27.179
1164.0	15.97
1166.0	28.975
1168.0	14.37
1170.0	18.719
1172.0	42.764
1174.0	43.998
1176.0	36.326
1178.0	32.591
1180.0	37.572
