2.0	150.037
4.0	111.548
6.0	63.201
8.0	58.916
10.0	64.816
12.0	60.906
14.0	63.29
16.0	64.183
18.0	60.82
20.0	66.749
22.0	63.666
24.0	65.921
26.0	66.139
28.0	61.673
30.0	68.271
32.0	64.676
34.0	60.311
36.0	66.52
38.0	62.888
40.0	67.455
42.0	63.198
44.0	61.465
46.0	70.255
48.0	56.325
50.0	64.403
52.0	64.159
54.0	64.219
56.0	71.785
58.0	62.869
60.0	64.237
62.0	57.841
64.0	60.289
66.0	66.143
68.0	58.86
70.0	64.369
72.0	62.825
74.0	62.343
76.0	62.174
78.0	65.268
80.0	61.221
82.0	65.054
84.0	64.447
86.0	62.862
88.0	63.906
90.0	61.709
92.0	65.406
94.0	64.145
96.0	63.88
98.0	63.064
100.0	62.317
102.0	58.59
104.0	68.912
106.0	64.143
108.0	62.794
110.0	58.346
112.0	68.571
114.0	66.004
116.0	61.753
118.0	65.535
120.0	57.603
122.0	68.31
124.0	62.558
126.0	60.537
128.0	66.944
130.0	62.241
132.0	62.66
134.0	63.947
136.0	60.414
138.0	56.049
140.0	63.623
142.0	58.41
144.0	61.623
146.0	62.196
148.0	57.009
150.0	64.167
152.0	60.935
154.0	60.251
156.0	55.288
158.0	65.221
160.0	58.334
162.0	64.107
164.0	58.682
166.0	61.324
168.0	58.384
170.0	59.855
172.0	59.561
174.0	60.475
176.0	59.211
178.0	61.833
180.0	57.747
182.0	61.648
184.0	57.918
186.0	55.844
188.0	63.174
190.0	62.216
192.0	57.293
194.0	57.664
196.0	63.718
198.0	60.269
200.0	57.623
202.0	60.767
204.0	55.576
206.0	59.01
208.0	61.382
210.0	57.756
212.0	56.902
214.0	60.176
216.0	63.118
218.0	57.041
220.0	61.055
222.0	56.936
224.0	61.192
226.0	58.208
228.0	59.44
230.0	59.929
232.0	60.433
234.0	61.638
236.0	55.363
238.0	60.273
240.0	56.591
242.0	60.756
244.0	55.772
246.0	59.797
248.0	57.017
250.0	56.587
252.0	58.122
254.0	54.243
256.0	58.939
258.0	60.505
260.0	54.317
262.0	58.063
264.0	50.133
266.0	58.256
268.0	58.293
270.0	54.368
272.0	61.233
274.0	50.488
276.0	61.137
278.0	56.582
280.0	55.153
282.0	57.7
284.0	53.614
286.0	56.704
288.0	56.181
290.0	57.339
292.0	55.876
294.0	54.193
296.0	54.533
298.0	58.068
300.0	52.778
302.0	56.436
304.0	56.663
306.0	55.517
308.0	56.886
310.0	58.303
312.0	52.391
314.0	61.251
316.0	53.678
318.0	62.148
320.0	56.831
322.0	56.174
324.0	57.956
326.0	57.98
328.0	59.53
330.0	55.213
332.0	58.757
334.0	55.068
336.0	59.348
338.0	57.756
340.0	51.829
342.0	59.126
344.0	55.855
346.0	61.532
348.0	56.968
350.0	55.919
352.0	57.795
354.0	58.008
356.0	55.455
358.0	55.206
360.0	60.349
362.0	54.903
364.0	60.532
366.0	53.346
368.0	54.564
370.0	60.506
372.0	58.385
374.0	55.587
376.0	57.953
378.0	57.633
380.0	55.389
382.0	59.867
384.0	54.828
386.0	55.0
388.0	62.362
390.0	55.734
392.0	58.229
394.0	55.535
396.0	57.016
398.0	56.784
400.0	58.89
402.0	53.721
404.0	58.947
406.0	57.586
408.0	56.276
410.0	56.148
412.0	56.184
414.0	60.989
416.0	52.756
418.0	57.039
420.0	61.531
422.0	57.627
424.0	54.684
426.0	60.189
428.0	56.085
430.0	55.711
432.0	58.974
434.0	56.865
436.0	55.515
438.0	59.246
440.0	56.337
442.0	53.469
444.0	57.272
446.0	60.985
448.0	53.892
450.0	58.719
452.0	57.679
454.0	56.979
456.0	58.896
458.0	56.179
460.0	58.136
462.0	55.666
464.0	58.839
466.0	53.552
468.0	58.65
470.0	55.687
472.0	59.037
474.0	55.827
476.0	56.943
478.0	57.758
480.0	55.719
482.0	56.926
484.0	58.482
486.0	56.96
488.0	58.793
490.0	54.747
492.0	57.421
494.0	59.731
496.0	55.497
498.0	56.199
500.0	60.38
502.0	50.172
504.0	59.216
506.0	59.901
508.0	55.495
510.0	58.194
512.0	55.299
514.0	60.156
516.0	53.621
518.0	61.533
520.0	56.498
522.0	57.279
524.0	58.106
526.0	55.029
528.0	61.354
530.0	56.029
532.0	57.444
534.0	48.937
536.0	63.644
538.0	57.093
540.0	55.215
542.0	62.009
544.0	53.668
546.0	57.915
548.0	57.55
550.0	57.377
552.0	57.312
554.0	55.562
556.0	59.443
558.0	56.115
560.0	53.795
562.0	62.631
564.0	56.552
566.0	61.165
568.0	56.374
570.0	55.864
572.0	57.37
574.0	58.066
576.0	59.927
578.0	53.52
580.0	61.394
582.0	57.62
584.0	51.789
586.0	64.147
588.0	51.998
590.0	60.047
592.0	59.182
594.0	58.729
596.0	53.064
598.0	61.391
