2.0	150.597
4.0	80.969
6.0	42.273
8.0	50.618
10.0	54.016
12.0	56.215
14.0	56.353
16.0	56.857
18.0	58.827
20.0	56.871
22.0	57.063
24.0	57.988
26.0	57.97
28.0	58.16
30.0	57.267
32.0	59.921
34.0	57.402
36.0	59.991
38.0	57.455
40.0	59.915
42.0	59.855
44.0	59.081
46.0	58.404
48.0	59.131
50.0	59.237
52.0	57.305
54.0	59.801
56.0	59.802
58.0	58.288
60.0	59.203
62.0	59.225
64.0	58.878
66.0	59.174
68.0	57.796
70.0	61.396
72.0	59.368
74.0	58.986
76.0	57.431
78.0	61.11
80.0	57.863
82.0	57.134
84.0	60.91
86.0	59.317
88.0	57.18
90.0	40.067
92.0	57.882
94.0	56.979
96.0	59.713
98.0	57.481
100.0	58.664
102.0	59.534
104.0	59.728
106.0	58.936
108.0	58.467
110.0	59.341
112.0	57.21
114.0	60.948
116.0	60.213
118.0	57.53
120.0	58.934
122.0	59.01
124.0	40.907
126.0	54.636
128.0	57.063
130.0	59.682
132.0	58.584
134.0	58.809
136.0	57.946
138.0	60.141
140.0	56.091
142.0	61.627
144.0	57.782
146.0	57.69
148.0	60.529
150.0	58.526
152.0	59.386
154.0	58.782
156.0	57.929
158.0	58.65
160.0	58.692
162.0	59.365
164.0	59.197
166.0	56.341
168.0	62.387
170.0	56.017
172.0	61.358
174.0	59.481
176.0	56.905
178.0	58.59
180.0	58.76
182.0	60.21
184.0	58.569
186.0	57.987
188.0	53.563
190.0	38.734
192.0	56.805
194.0	55.153
196.0	56.673
198.0	56.774
200.0	55.587
202.0	57.619
204.0	54.94
206.0	59.315
208.0	56.495
210.0	55.685
212.0	57.975
214.0	56.518
216.0	56.507
218.0	56.411
220.0	55.721
222.0	56.801
224.0	56.435
226.0	58.1
228.0	58.051
230.0	56.646
232.0	56.483
234.0	56.907
236.0	52.813
238.0	58.888
240.0	57.063
242.0	57.684
244.0	56.501
246.0	55.888
248.0	36.027
250.0	55.358
252.0	55.297
254.0	55.935
256.0	58.283
258.0	54.596
260.0	57.907
262.0	56.623
264.0	57.127
266.0	55.882
268.0	57.379
270.0	55.236
272.0	58.035
274.0	55.998
276.0	55.811
278.0	58.084
280.0	55.944
282.0	57.133
284.0	55.742
286.0	51.738
288.0	62.572
290.0	56.648
292.0	55.746
294.0	57.08
296.0	57.593
298.0	55.267
300.0	34.806
302.0	54.952
304.0	56.811
306.0	56.491
308.0	57.091
310.0	55.358
312.0	37.375
314.0	53.358
316.0	56.779
318.0	56.383
320.0	55.996
322.0	58.089
324.0	56.362
326.0	56.297
328.0	56.064
330.0	56.627
332.0	57.341
334.0	44.921
336.0	48.288
338.0	53.958
340.0	40.675
342.0	50.455
344.0	53.078
346.0	57.464
348.0	39.109
350.0	51.782
352.0	53.012
354.0	58.236
356.0	57.05
358.0	55.736
360.0	56.589
362.0	56.87
364.0	56.445
366.0	56.809
368.0	37.47
370.0	53.816
372.0	53.781
374.0	58.068
376.0	56.098
378.0	57.313
380.0	56.898
382.0	56.388
384.0	54.042
386.0	46.133
388.0	41.662
390.0	38.514
392.0	53.863
394.0	56.835
396.0	56.356
398.0	56.592
400.0	56.89
402.0	36.642
404.0	53.079
406.0	55.476
408.0	50.53
410.0	42.733
412.0	53.109
414.0	55.765
416.0	27.75
418.0	60.708
420.0	26.071
422.0	63.333
424.0	56.242
426.0	56.019
428.0	57.786
430.0	38.914
432.0	50.725
434.0	55.816
436.0	51.495
438.0	39.974
440.0	55.007
442.0	56.653
444.0	56.196
446.0	56.264
448.0	56.138
450.0	55.783
452.0	55.18
454.0	54.609
456.0	54.455
458.0	55.087
460.0	55.277
462.0	54.124
464.0	54.469
466.0	54.684
468.0	55.439
470.0	54.435
472.0	38.53
474.0	48.822
476.0	52.947
478.0	54.24
480.0	35.949
482.0	43.401
484.0	40.546
486.0	53.076
488.0	38.756
490.0	48.1
492.0	54.148
494.0	34.856
496.0	51.114
498.0	53.566
500.0	54.963
502.0	54.121
504.0	55.27
506.0	54.454
508.0	55.55
510.0	50.451
512.0	57.441
514.0	55.886
516.0	54.829
518.0	43.96
520.0	42.507
522.0	52.893
524.0	36.847
526.0	50.399
528.0	53.787
530.0	36.661
532.0	49.758
534.0	33.897
536.0	53.303
538.0	34.571
540.0	40.531
542.0	41.602
544.0	33.547
546.0	15.18
548.0	16.175
550.0	34.973
552.0	46.754
554.0	52.376
556.0	50.594
558.0	54.099
560.0	53.597
562.0	53.832
564.0	56.222
566.0	54.228
568.0	55.728
570.0	51.855
572.0	54.253
574.0	55.085
576.0	53.972
578.0	54.874
580.0	54.622
582.0	56.221
584.0	54.174
586.0	54.759
588.0	55.415
590.0	54.538
592.0	54.527
594.0	53.682
596.0	55.022
598.0	54.583
600.0	55.984
602.0	56.306
604.0	55.556
606.0	55.112
608.0	55.345
610.0	56.066
612.0	56.112
614.0	54.338
616.0	52.771
618.0	55.317
620.0	55.365
622.0	57.537
624.0	53.458
626.0	56.817
628.0	31.756
630.0	55.451
632.0	48.971
634.0	56.459
636.0	44.588
638.0	28.178
640.0	47.032
642.0	52.807
644.0	54.471
646.0	51.783
648.0	57.847
650.0	54.575
652.0	52.246
654.0	53.994
656.0	54.372
658.0	56.826
660.0	53.488
662.0	53.104
664.0	54.112
666.0	56.029
668.0	54.68
670.0	54.733
672.0	53.533
674.0	55.071
676.0	54.301
678.0	54.7
680.0	54.599
682.0	54.054
684.0	33.124
686.0	36.142
688.0	52.572
690.0	54.03
692.0	54.314
694.0	56.116
696.0	51.906
698.0	55.528
700.0	55.078
702.0	54.064
704.0	54.887
706.0	54.675
708.0	54.193
710.0	52.708
712.0	55.77
714.0	55.293
716.0	51.796
718.0	56.278
720.0	53.046
722.0	55.41
724.0	53.521
726.0	46.518
728.0	44.036
730.0	23.603
732.0	52.807
734.0	57.002
736.0	55.063
738.0	53.397
740.0	53.938
742.0	56.046
744.0	55.074
746.0	38.551
748.0	38.893
750.0	44.593
752.0	53.937
754.0	54.923
756.0	53.453
758.0	55.23
760.0	36.378
762.0	49.961
764.0	55.186
766.0	52.605
768.0	55.719
770.0	39.424
772.0	46.639
774.0	55.322
776.0	54.134
778.0	55.405
780.0	53.038
782.0	55.621
784.0	54.116
786.0	54.591
788.0	54.974
790.0	54.555
792.0	54.049
794.0	51.641
796.0	56.843
798.0	53.606
800.0	53.259
802.0	47.887
804.0	22.34
806.0	28.463
808.0	49.644
810.0	52.129
812.0	56.412
814.0	54.054
816.0	53.812
818.0	39.412
820.0	50.501
822.0	53.272
824.0	52.414
826.0	54.073
828.0	52.045
830.0	53.231
832.0	51.883
834.0	57.14
836.0	53.94
838.0	53.973
840.0	53.343
842.0	53.204
844.0	55.886
846.0	56.016
848.0	54.878
850.0	53.75
852.0	54.068
854.0	55.54
856.0	54.579
858.0	55.451
860.0	44.932
862.0	47.324
864.0	48.463
866.0	42.797
868.0	47.299
870.0	45.006
872.0	24.505
874.0	47.161
876.0	53.899
878.0	54.166
880.0	54.354
882.0	53.801
884.0	55.849
886.0	41.452
888.0	46.388
890.0	53.862
892.0	54.718
894.0	40.536
896.0	21.678
898.0	54.489
900.0	53.956
902.0	54.385
904.0	54.643
906.0	54.125
908.0	55.113
910.0	38.218
912.0	47.801
914.0	55.446
916.0	54.422
918.0	49.679
920.0	59.751
922.0	53.405
924.0	53.833
926.0	53.287
928.0	42.772
930.0	49.238
932.0	34.164
934.0	49.81
936.0	52.184
938.0	53.191
940.0	43.345
942.0	46.423
944.0	45.546
946.0	41.472
948.0	50.933
950.0	51.944
952.0	45.798
954.0	35.626
956.0	55.72
958.0	53.461
960.0	55.072
962.0	53.597
964.0	55.478
966.0	51.611
968.0	56.159
970.0	54.286
972.0	53.97
974.0	40.592
976.0	53.318
978.0	51.156
980.0	38.105
982.0	50.813
984.0	41.782
986.0	45.173
988.0	53.01
990.0	49.725
992.0	38.393
994.0	53.295
996.0	53.26
998.0	42.099
1000.0	45.633
1002.0	52.787
1004.0	35.866
1006.0	51.206
1008.0	52.728
1010.0	53.514
1012.0	52.238
1014.0	51.616
1016.0	47.939
1018.0	47.093
1020.0	49.173
1022.0	41.027
1024.0	49.219
1026.0	54.278
1028.0	51.488
1030.0	38.522
1032.0	52.829
1034.0	33.034
1036.0	49.221
1038.0	51.543
1040.0	39.555
1042.0	35.323
1044.0	46.628
1046.0	51.765
1048.0	49.934
1050.0	40.28
1052.0	51.835
1054.0	51.541
1056.0	11.43
1058.0	50.476
1060.0	50.359
1062.0	52.26
1064.0	44.327
1066.0	49.172
1068.0	49.942
1070.0	29.648
1072.0	49.69
1074.0	40.283
1076.0	50.679
1078.0	50.704
1080.0	51.345
1082.0	39.663
1084.0	33.696
1086.0	47.94
1088.0	51.673
1090.0	36.627
1092.0	50.37
1094.0	51.59
1096.0	51.143
1098.0	42.237
1100.0	47.05
1102.0	50.138
1104.0	51.0
1106.0	40.055
1108.0	49.893
1110.0	43.503
1112.0	43.646
1114.0	44.202
1116.0	39.573
1118.0	50.539
1120.0	43.29
1122.0	39.913
1124.0	10.737
1126.0	45.19
1128.0	35.145
1130.0	31.807
1132.0	46.712
1134.0	50.079
1136.0	21.842
1138.0	29.55
1140.0	28.81
1142.0	41.904
1144.0	45.204
1146.0	42.916
1148.0	45.192
1150.0	31.054
1152.0	14.375
1154.0	41.917
1156.0	44.203
1158.0	8.701
1160.0	32.298
1162.0	28.432
1164.0	9.591
1166.0	28.884
1168.0	47.542
1170.0	41.209
1172.0	34.164
1174.0	34.563
1176.0	45.137
1178.0	44.403
1180.0	49.343
1182.0	46.725
1184.0	46.122
1186.0	46.943
1188.0	45.784
1190.0	43.89
1192.0	47.041
1194.0	45.852
1196.0	44.936
1198.0	45.976
