341 129.984231949 130.033065796
342 129.984231949 130.033065796
343 129.984231949 130.033065796
344 129.984231949 130.033065796
345 129.984231949 130.033065796
346 129.984231949 130.033065796
347 129.984231949 130.033065796
348 129.984231949 130.033065796
349 129.984231949 130.033065796
350 129.984231949 130.033065796
351 129.984231949 130.033065796
352 133.550210953 133.5990448
353 133.565851212 133.614685059
354 133.565851212 133.614685059
355 133.581491471 133.630325318
356 133.581491471 133.630325318
357 133.581491471 133.630325318
358 133.581491471 133.630325318
359 133.581491471 133.630325318
360 133.53216362 133.630325318
361 133.53216362 133.630325318
362 133.53216362 133.630325318
363 133.53216362 133.630325318
364 133.53216362 133.630325318
365 133.53216362 133.630325318
366 133.53216362 133.630325318
367 133.53216362 133.630325318
368 133.53216362 133.630325318
369 133.53216362 133.630325318
370 133.53216362 133.630325318
371 134.17341423 134.271575928
372 135.393354416 135.491516114
373 135.393354416 135.491516114
374 135.393354416 135.491516114
375 135.393354416 135.491516114
376 135.393354416 135.491516114
377 135.393354416 135.491516114
378 135.393354416 135.491516114
379 135.393354416 135.491516114
380 135.393354416 135.491516114
381 135.393354416 135.491516114
382 135.393354416 135.491516114
383 135.393354416 135.491516114
384 135.393354416 135.491516114
385 135.393354416 135.491516114
386 135.393354416 135.491516114
387 137.098142624 137.196304322
388 137.113782883 137.21194458
389 137.145063401 137.243225098
390 129.90335846 137.243225098
391 129.90335846 137.243225098
392 129.90335846 137.243225098
393 129.90335846 137.243225098
394 129.90335846 137.243225098
395 129.90335846 137.243225098
396 129.90335846 137.243225098
397 129.90335846 137.243225098
398 129.90335846 137.243225098
399 129.90335846 137.243225098
400 130.685371399 138.025238037
401 130.685371399 138.025238037
402 130.685371399 138.025238037
403 130.685371399 138.025238037
404 130.685371399 138.025238037
405 130.701011657 138.040878296
406 130.701011657 138.040878296
407 130.701011657 138.040878296
408 131.670707702 139.010574341
409 131.670707702 139.010574341
410 131.70198822 139.041854858
411 131.70198822 139.041854858
412 131.70198822 139.041854858
413 131.70198822 139.041854858
414 131.70198822 139.041854858
415 131.70198822 139.041854858
416 131.70198822 139.041854858
417 132.656044006 139.995910644
418 132.671684265 140.011550903
419 132.671684265 140.011550903
420 132.666080474 140.011550903
421 132.666080474 140.011550903
422 132.666080474 140.011550903
423 132.666080474 140.011550903
424 132.666080474 140.011550903
425 132.666080474 140.011550903
426 134.417789459 141.763259888
427 134.417789459 141.763259888
428 134.417789459 141.763259888
429 134.417789459 141.763259888
430 134.417789459 141.763259888
431 134.417789459 141.763259888
432 134.417789459 141.763259888
433 134.433429718 141.778900146
434 134.433429718 141.778900146
435 134.433429718 141.778900146
436 134.433429718 141.778900146
437 134.449069977 141.794540405
438 134.449069977 141.794540405
439 134.449069977 141.794540405
440 135.637729645 142.983200073
441 135.637729645 142.983200073
442 135.637729645 142.983200073
443 135.637729645 142.983200073
444 135.637729645 142.983200073
445 135.637729645 142.983200073
446 135.637729645 142.983200073
447 135.637729645 142.983200073
448 135.669010163 143.01448059
449 135.669010163 143.01448059
450 135.666305542 143.01448059
451 135.666305542 143.01448059
452 135.666305542 143.01448059
453 135.666305542 143.01448059
454 135.666305542 143.01448059
455 136.182434082 143.53060913
456 136.198074341 143.546249389
457 136.198074341 143.546249389
458 136.198074341 143.546249389
459 136.198074341 143.546249389
460 136.198074341 143.546249389
461 136.526519775 143.874694824
462 136.526519775 143.874694824
463 136.526519775 143.874694824
464 136.526519775 143.874694824
465 136.526519775 143.874694824
466 137.050077438 144.390823364
467 137.050077438 144.390823364
468 137.050077438 144.390823364
469 137.050077438 144.390823364
470 137.065717697 144.406463623
471 137.472364426 144.813110352
472 137.472364426 144.813110352
473 137.472364426 144.813110352
474 137.472364426 144.813110352
475 137.472364426 144.813110352
476 138.101881027 145.442626953
477 138.133161545 145.473907471
478 138.133161545 145.473907471
479 138.133161545 145.473907471
480 138.131448746 145.473907471
481 138.131448746 145.473907471
482 139.007303238 146.349761962
483 139.007303238 146.349761962
484 139.007303238 146.349761962
485 139.007303238 146.349761962
486 139.007303238 146.349761962
487 139.085504532 146.427963256
488 139.085504532 146.427963256
489 139.085504532 146.427963256
490 139.085504532 146.427963256
491 139.085504532 146.427963256
492 139.601633072 146.944091796
493 139.601633072 146.944091796
494 139.601633072 146.944091796
495 139.601633072 146.944091796
496 139.601633072 146.944091796
497 140.352365493 147.694824218
498 140.368005752 147.710464477
499 140.383646011 147.726104736
500 140.383646011 147.726104736
501 140.383646011 147.726104736
502 140.414926529 147.757385254
503 140.414926529 147.757385254
504 140.414926529 147.757385254
505 140.414926529 147.757385254
506 140.993616104 148.336074829
507 141.009256363 148.351715088
508 141.009256363 148.351715088
509 141.009256363 148.351715088
510 141.008172989 148.351715088
511 141.008172989 148.351715088
512 141.539941788 148.883483887
513 141.539941788 148.883483887
514 141.539941788 148.883483887
515 141.539941788 148.883483887
516 141.539941788 148.883483887
517 141.977869034 149.321411133
518 142.41579628 149.759338379
519 142.41579628 149.759338379
520 142.41579628 149.759338379
521 142.41579628 149.759338379
522 142.41579628 149.759338379
523 142.556558609 149.900100708
524 142.556558609 149.900100708
525 142.556558609 149.900100708
526 142.572198867 149.915740967
527 142.572198867 149.915740967
528 143.041406631 150.384948731
529 143.041406631 150.384948731
530 143.041406631 150.384948731
531 143.041406631 150.384948731
532 143.041406631 150.384948731
533 143.651376724 150.994918824
534 143.667016983 151.010559082
535 143.667016983 151.010559082
536 143.667016983 151.010559082
537 143.667016983 151.010559082
538 144.151865005 151.495407104
539 144.151865005 151.495407104
540 144.035266876 151.495407104
541 144.035266876 151.495407104
542 144.035266876 151.495407104
543 144.035266876 151.495407104
544 144.567035675 152.027175903
545 144.567035675 152.027175903
546 144.567035675 152.027175903
547 144.567035675 152.027175903
548 144.567035675 152.027175903
549 145.145725251 152.605865478
550 145.145725251 152.605865478
551 145.145725251 152.605865478
552 145.145725251 152.605865478
553 145.145725251 152.605865478
554 145.614933014 153.075073242
555 145.630573273 153.090713501
556 145.630573273 153.090713501
557 145.630573273 153.090713501
558 145.630573273 153.090713501
559 146.068500519 153.528640747
560 146.068500519 153.528640747
561 146.068500519 153.528640747
562 146.068500519 153.528640747
563 146.068500519 153.528640747
564 146.553348542 154.01348877
565 146.553348542 154.01348877
566 146.553348542 154.01348877
567 146.5689888 154.029129029
568 146.5689888 154.029129029
569 147.116397857 154.576538086
570 128.844097137 154.576538086
571 128.844097137 154.576538086
572 128.844097137 154.576538086
573 128.844097137 154.576538086
574 129.32894516 155.061386109
575 129.32894516 155.061386109
576 129.32894516 155.061386109
577 129.32894516 155.061386109
578 129.344585419 155.077026367
579 129.344585419 155.077026367
580 129.860713959 155.593154907
581 129.860713959 155.593154907
582 129.860713959 155.593154907
583 129.860713959 155.593154907
584 129.860713959 155.593154907
585 130.470684052 156.203125
586 130.548885345 156.281326294
587 130.548885345 156.281326294
588 130.548885345 156.281326294
589 130.548885345 156.281326294
590 130.548885345 156.281326294
591 131.033733368 156.766174317
592 131.033733368 156.766174317
593 131.033733368 156.766174317
594 131.033733368 156.766174317
595 131.049373627 156.781814575
596 131.049373627 156.781814575
597 131.65934372 157.391784668
598 131.65934372 157.391784668
599 131.65934372 157.391784668
600 131.656665802 157.391784668
601 131.656665802 157.391784668
602 131.656665802 157.391784668
603 132.188434601 157.923553466
604 132.188434601 157.923553466
605 132.188434601 157.923553466
606 132.20407486 157.939193725
607 132.20407486 157.939193725
608 132.814044952 158.549163818
609 132.814044952 158.549163818
610 132.814044952 158.549163818
611 132.814044952 158.549163818
612 132.814044952 158.549163818
613 132.814044952 158.549163818
614 133.220691681 158.955810547
615 133.220691681 158.955810547
616 133.220691681 158.955810547
617 133.220691681 158.955810547
618 133.220691681 158.955810547
619 133.705539703 159.440658569
620 133.705539703 159.440658569
621 133.705539703 159.440658569
622 133.721179962 159.456298828
623 133.721179962 159.456298828
624 134.237308502 159.972427368
625 134.237308502 159.972427368
626 134.237308502 159.972427368
627 134.237308502 159.972427368
628 134.237308502 159.972427368
629 134.878559113 160.613677978
630 128.580514908 160.629318237
631 128.580514908 160.629318237
632 128.580514908 160.629318237
633 128.580514908 160.629318237
634 128.580514908 160.629318237
635 129.112283707 161.161087036
636 129.112283707 161.161087036
637 129.112283707 161.161087036
638 129.112283707 161.161087036
639 129.112283707 161.161087036
640 129.112283707 161.161087036
641 129.616678238 161.665481568
642 129.616678238 161.665481568
643 129.616678238 161.665481568
644 129.616678238 161.665481568
645 129.616678238 161.665481568
646 130.132806778 162.181610108
647 130.132806778 162.181610108
648 130.132806778 162.181610108
649 130.148447037 162.197250367
650 130.148447037 162.197250367
651 130.148447037 162.197250367
652 130.586374283 162.635177613
653 130.586374283 162.635177613
654 130.586374283 162.635177613
655 130.586374283 162.635177613
656 130.586374283 162.635177613
657 131.071222305 163.120025635
658 131.071222305 163.120025635
659 131.071222305 163.120025635
660 131.084943771 163.135665893
661 131.084943771 163.135665893
662 131.646598816 163.683074951
663 131.646598816 163.683074951
664 131.646598816 163.683074951
665 131.646598816 163.683074951
666 131.646598816 163.683074951
667 132.194007874 164.230484008
668 132.194007874 164.230484008
669 132.194007874 164.230484008
670 132.194007874 164.230484008
671 132.194007874 164.230484008
672 132.194007874 164.230484008
673 132.835258484 164.871734619
674 132.835258484 164.871734619
675 132.835258484 164.871734619
676 132.850898743 164.887374878
677 132.850898743 164.887374878
678 133.335746765 165.3722229
679 133.351387024 165.387863159
680 133.351387024 165.387863159
681 133.351387024 165.387863159
682 133.351387024 165.387863159
683 133.351387024 165.387863159
684 133.9300766 165.966552734
685 133.9300766 165.966552734
686 133.9300766 165.966552734
687 133.9300766 165.966552734
688 133.945716858 165.982192993
689 133.945716858 165.982192993
690 128.309680938 166.498321533
691 128.309680938 166.498321533
692 128.309680938 166.498321533
693 128.309680938 166.498321533
694 128.309680938 166.498321533
695 128.700687408 166.889328003
696 128.700687408 166.889328003
697 128.700687408 166.889328003
698 128.700687408 166.889328003
699 128.700687408 166.889328003
700 129.216815949 167.405456543
701 129.216815949 167.405456543
702 129.216815949 167.405456543
703 129.216815949 167.405456543
704 129.216815949 167.405456543
705 129.967548371 168.156188965
706 130.014469147 168.203109742
707 130.014469147 168.203109742
708 130.014469147 168.203109742
709 130.014469147 168.203109742
710 130.014469147 168.203109742
711 130.577518463 168.766159058
712 130.577518463 168.766159058
713 130.577518463 168.766159058
714 130.593158722 168.781799316
715 130.593158722 168.781799316
716 131.156208038 169.344848632
717 131.156208038 169.344848632
718 131.156208038 169.344848632
719 131.156208038 169.344848632
720 131.150909423 169.344848632
721 131.854721069 170.048660278
722 131.886001586 170.079940795
723 131.886001586 170.079940795
724 131.886001586 170.079940795
725 131.886001586 170.079940795
726 132.464691162 170.658630371
727 132.480331421 170.67427063
728 132.480331421 170.67427063
729 132.480331421 170.67427063
730 132.480331421 170.67427063
731 133.090301513 171.284240722
732 133.090301513 171.284240722
733 133.090301513 171.284240722
734 133.090301513 171.284240722
735 133.090301513 171.284240722
736 133.715911865 171.909851074
737 133.715911865 171.909851074
738 133.715911865 171.909851074
739 133.715911865 171.909851074
740 133.715911865 171.909851074
741 134.301855087 172.488540649
742 134.301855087 172.488540649
743 134.317495346 172.504180908
744 134.317495346 172.504180908
745 134.317495346 172.504180908
746 135.115148544 173.301834106
747 135.115148544 173.301834106
748 135.115148544 173.301834106
749 135.115148544 173.301834106
750 135.112812042 173.301834106
751 135.738422394 173.927444458
752 135.769702912 173.958724976
753 135.769702912 173.958724976
754 135.769702912 173.958724976
755 135.769702912 173.958724976
756 136.379673004 174.568695068
757 136.379673004 174.568695068
758 136.379673004 174.568695068
759 136.379673004 174.568695068
760 136.379673004 174.568695068
761 137.08348465 175.272506714
762 137.08348465 175.272506714
763 137.08348465 175.272506714
764 137.08348465 175.272506714
765 137.08348465 175.272506714
766 137.693454743 175.882476807
767 137.709095002 175.898117066
768 137.709095002 175.898117066
769 137.709095002 175.898117066
770 137.709095002 175.898117066
771 138.397266388 176.586288453
772 138.397266388 176.586288453
773 138.397266388 176.586288453
774 138.397266388 176.586288453
775 138.397266388 176.586288453
776 139.101078034 177.290100098
777 139.132358551 177.321380616
778 139.132358551 177.321380616
779 139.132358551 177.321380616
780 139.129074096 177.321380616
781 139.946273803 178.138580323
782 139.977554321 178.16986084
783 139.977554321 178.16986084
784 139.977554321 178.16986084
785 139.977554321 178.16986084
786 140.462402344 178.654708862
787 140.50932312 178.701629639
788 140.50932312 178.701629639
789 140.50932312 178.701629639
790 140.50932312 178.701629639
791 141.322616577 179.514923096
792 141.338256836 179.530563354
793 141.338256836 179.530563354
794 141.338256836 179.530563354
795 141.338256836 179.530563354
796 141.338256836 179.530563354
797 141.823104858 180.015411377
798 141.838745117 180.031051636
799 141.838745117 180.031051636
800 141.838745117 180.031051636
801 141.838745117 180.031051636
802 142.539077759 180.719223022
803 142.554718018 180.734863281
804 142.554718018 180.734863281
805 142.554718018 180.734863281
806 142.554718018 180.734863281
807 143.30545044 181.485595703
808 143.336730957 181.516876221
809 143.336730957 181.516876221
810 143.332374572 181.516876221
811 143.332374572 181.516876221
812 143.332374572 181.516876221
813 143.957984924 182.142486572
814 143.957984924 182.142486572
815 143.957984924 182.142486572
816 143.957984924 182.142486572
817 143.957984924 182.142486572
818 144.532943725 182.705535889
819 144.611145019 182.783737183
820 144.611145019 182.783737183
821 144.611145019 182.783737183
822 144.611145019 182.783737183
823 145.189834595 183.362426758
824 145.189834595 183.362426758
825 145.189834595 183.362426758
826 145.189834595 183.362426758
827 145.189834595 183.362426758
828 145.909286499 184.081878662
829 145.909286499 184.081878662
830 145.909286499 184.081878662
831 145.909286499 184.081878662
832 145.909286499 184.081878662
833 146.503616333 184.676208496
834 146.534896851 184.707489013
835 146.534896851 184.707489013
836 146.534896851 184.707489013
837 146.534896851 184.707489013
838 147.137104035 185.301818847
839 147.137104035 185.301818847
840 130.516601563 185.301818847
841 130.516601563 185.301818847
842 130.516601563 185.301818847
843 131.06401062 185.849227905
844 131.110931397 185.896148681
845 131.110931397 185.896148681
846 131.110931397 185.896148681
847 131.110931397 185.896148681
848 131.72090149 186.506118774
849 131.72090149 186.506118774
850 131.72090149 186.506118774
851 131.736541749 186.521759033
852 131.736541749 186.521759033
853 132.440353394 187.225570679
854 132.438411713 187.20993042
855 132.438411713 187.20993042
856 132.438411713 187.20993042
857 132.438411713 187.20993042
858 133.042570115 187.788619995
859 133.042570115 187.788619995
860 133.042570115 187.788619995
861 133.042570115 187.788619995
862 133.042570115 187.788619995
863 133.042570115 187.788619995
864 133.62125969 188.36730957
865 133.62125969 188.36730957
866 133.636899948 188.382949829
867 133.636899948 188.382949829
868 134.340711593 189.086761475
869 134.371992111 189.118041992
870 131.072475433 189.118041992
871 131.072475433 189.118041992
872 131.072475433 189.118041992
873 131.072475433 189.118041992
874 131.791927338 189.837493897
875 131.791927338 189.837493897
876 131.791927338 189.837493897
877 131.791927338 189.837493897
878 131.791927338 189.837493897
879 132.351264954 190.384902954
880 132.351264954 190.384902954
881 132.351264954 190.384902954
882 132.351264954 190.384902954
883 132.351264954 190.384902954
884 133.022010803 191.041793824
885 133.022010803 191.041793824
886 133.022010803 191.041793824
887 133.022010803 191.041793824
888 133.022010803 191.041793824
889 133.646728516 191.651763916
890 133.646728516 191.651763916
891 133.646728516 191.651763916
892 133.662368775 191.667404174
893 133.662368775 191.667404174
894 134.350540161 192.355575561
895 134.350540161 192.355575561
896 134.350540161 192.355575561
897 134.350540161 192.355575561
898 134.350540161 192.355575561
899 135.054351807 193.059387207
900 131.557573319 193.106307984
901 131.557573319 193.106307984
902 131.557573319 193.106307984
903 131.557573319 193.106307984
904 131.557573319 193.106307984
905 132.124528885 193.67326355
906 132.124528885 193.67326355
907 132.124528885 193.67326355
908 132.124528885 193.67326355
909 132.124528885 193.67326355
910 132.701244354 194.236312866
911 132.701244354 194.236312866
912 132.701244354 194.236312866
913 132.701244354 194.236312866
914 133.389415741 194.924484252
915 133.389415741 194.924484252
916 133.389415741 194.924484252
917 133.389415741 194.924484252
918 133.405056 194.940124511
919 133.984544754 195.503173828
920 133.984544754 195.503173828
921 133.984544754 195.503173828
922 133.984544754 195.503173828
923 133.984544754 195.503173828
924 134.672716141 196.191345215
925 134.672716141 196.191345215
926 134.672716141 196.191345215
927 134.672716141 196.191345215
928 134.672716141 196.191345215
929 135.32960701 196.848236084
930 135.319004059 196.848236084
931 135.319004059 196.848236084
932 135.334644318 196.863876343
933 135.334644318 196.863876343
934 136.003562927 197.520767212
935 136.003562927 197.520767212
936 136.003562927 197.520767212
937 136.003562927 197.520767212
938 136.003562927 197.520767212
939 136.629173279 198.146377563
940 136.629173279 198.146377563
941 136.629173279 198.146377563
942 136.629173279 198.146377563
943 136.629173279 198.146377563
944 137.280544281 198.787628174
945 137.280544281 198.787628174
946 137.280544281 198.787628174
947 137.29618454 198.803268433
948 137.29618454 198.803268433
949 137.887641907 199.381958008
950 137.903282166 199.397598267
951 137.903282166 199.397598267
952 137.903282166 199.397598267
953 137.903282166 199.397598267
954 138.607093811 200.101409912
955 138.607093811 200.101409912
956 138.607093811 200.101409912
957 138.607093811 200.101409912
958 138.607093811 200.101409912
959 139.279624939 200.77394104
960 132.523075103 200.77394104
961 132.523075103 200.77394104
962 132.538715362 200.789581299
963 132.538715362 200.789581299
964 133.146497726 201.383911133
965 133.162137985 201.399551392
966 133.162137985 201.399551392
967 133.162137985 201.399551392
968 133.162137985 201.399551392
969 133.162137985 201.399551392
970 133.875663757 202.087722778
971 133.875663757 202.087722778
972 133.875663757 202.087722778
973 133.875663757 202.087722778
974 133.875663757 202.087722778
975 134.482603073 202.682052612
976 134.482603073 202.682052612
977 134.482603073 202.682052612
978 134.482603073 202.682052612
979 134.482603073 202.682052612
980 135.061292648 203.260742187
981 135.076932907 203.276382446
982 135.076932907 203.276382446
983 135.076932907 203.276382446
984 135.076932907 203.276382446
985 135.901889801 204.089675903
986 135.901889801 204.089675903
987 135.901889801 204.089675903
988 135.901889801 204.089675903
989 135.91753006 204.105316162
990 135.91753006 204.105316162
991 136.683902741 204.871688843
992 136.68214798 204.856048584
993 136.68214798 204.856048584
994 136.68214798 204.856048584
995 136.68214798 204.856048584
996 136.68214798 204.856048584
997 137.295328141 205.450378418
998 137.295328141 205.450378418
999 137.295328141 205.450378418
1000 137.295328141 205.450378418
1001 137.310968399 205.466018677
1002 137.999139785 206.154190064
1003 137.999139785 206.154190064
1004 137.999139785 206.154190064
1005 137.999139785 206.154190064
1006 137.999139785 206.154190064
1007 138.624750137 206.779800415
1008 138.640390396 206.795440674
1009 138.640390396 206.795440674
1010 138.640390396 206.795440674
1011 138.640390396 206.795440674
1012 138.640390396 206.795440674
1013 139.364152909 207.499252319
1014 139.364152909 207.499252319
1015 139.364152909 207.499252319
1016 139.364152909 207.499252319
1017 139.379793167 207.514892578
1018 140.146165847 208.281265259
1019 140.146165847 208.281265259
1020 133.60795784 208.281265259
1021 133.60795784 208.281265259
1022 133.60795784 208.281265259
1023 133.60795784 208.281265259
1024 134.255016327 208.922515869
1025 134.270656586 208.938156127
1026 134.270656586 208.938156127
1027 134.270656586 208.938156127
1028 134.270656586 208.938156127
1029 135.068622589 209.724075317
1030 135.068622589 209.724075317
1031 135.068622589 209.724075317
1032 135.068622589 209.724075317
1033 135.084262847 209.739715576
1034 135.084262847 209.739715576
1035 135.709873199 210.365325927
1036 135.709873199 210.365325927
1037 135.709873199 210.365325927
1038 135.709873199 210.365325927
1039 135.709873199 210.365325927
1040 135.709873199 210.365325927
1041 136.382404327 211.037857055
1042 136.382404327 211.037857055
1043 136.382404327 211.037857055
1044 136.382404327 211.037857055
1045 136.398044586 211.053497314
1046 137.095319748 211.741668701
1047 137.095319748 211.741668701
1048 137.095319748 211.741668701
1049 137.095319748 211.741668701
1050 137.088338852 211.741668701
1051 137.088338852 211.741668701
1052 137.667028427 212.320358276
1053 137.667028427 212.320358276
1054 137.667028427 212.320358276
1055 137.667028427 212.320358276
1056 137.667028427 212.320358276
1057 138.345470428 212.977249145
1058 138.345470428 212.977249145
1059 138.345470428 212.977249145
1060 138.361110687 212.992889404
1061 138.361110687 212.992889404
1062 138.949495316 213.57157898
1063 138.949495316 213.57157898
1064 138.949495316 213.57157898
1065 138.949495316 213.57157898
1066 138.949495316 213.57157898
1067 138.949495316 213.57157898
1068 139.537229538 214.150268555
1069 139.537229538 214.150268555
1070 139.537229538 214.150268555
1071 139.537229538 214.150268555
1072 139.537229538 214.150268555
1073 140.365760803 214.963562012
1074 140.365760803 214.963562012
1075 140.365760803 214.963562012
1076 140.381401062 214.979202271
1077 140.381401062 214.979202271
1078 140.381401062 214.979202271
1079 141.016120911 215.604812622
1080 134.533878327 215.604812622
1081 134.533878327 215.604812622
1082 134.533878327 215.604812622
1083 134.533878327 215.604812622
1084 135.222049714 216.292984009
1085 135.675617218 216.746551514
1086 135.675617218 216.746551514
1087 135.675617218 216.746551514
1088 135.691257476 216.762191772
1089 135.691257476 216.762191772
1090 135.832019806 216.902954101
1091 135.832019806 216.902954101
1092 135.832019806 216.902954101
1093 135.832019806 216.902954101
1094 135.832019806 216.902954101
1095 136.55147171 217.622406005
1096 136.55147171 217.622406005
1097 136.55147171 217.622406005
1098 136.55147171 217.622406005
1099 136.55147171 217.622406005
1100 136.55147171 217.622406005
1101 137.138317108 218.201095581
1102 137.138317108 218.201095581
1103 137.138317108 218.201095581
1104 137.153957367 218.21673584
1105 137.153957367 218.21673584
1106 137.726261139 218.779785156
1107 137.719564438 218.764144897
1108 137.719564438 218.764144897
1109 137.719564438 218.764144897
1110 137.711988449 218.764144897
1111 138.447080612 219.49923706
1112 138.462720871 219.514877319
1113 138.462720871 219.514877319
1114 138.462720871 219.514877319
1115 138.47836113 219.530517578
1116 139.027757645 220.077926636
1117 139.027757645 220.077926636
1118 139.027757645 220.077926636
1119 139.027757645 220.077926636
1120 139.027757645 220.077926636
1121 139.027757645 220.077926636
1122 139.684648514 220.734817505
1123 139.684648514 220.734817505
1124 139.684648514 220.734817505
1125 139.684648514 220.734817505
1126 139.684648514 220.734817505
1127 140.277370453 221.297866822
1128 140.277370453 221.297866822
1129 140.277370453 221.297866822
1130 140.293010712 221.313507081
1131 140.293010712 221.313507081
1132 141.023138046 222.032958985
1133 141.033355713 222.032958984
1134 141.033355713 222.032958984
1135 141.033355713 222.032958984
1136 141.033355713 222.032958984
1137 141.033355713 222.032958984
1138 141.636993409 222.611648559
1139 141.636993409 222.611648559
1140 141.629487992 222.611648559
1141 141.629487992 222.611648559
1142 141.629487992 222.611648559
1143 142.408609391 223.37802124
1144 142.439889908 223.409301758
1145 142.439889908 223.409301758
1146 142.439889908 223.409301758
1147 142.439889908 223.409301758
1148 142.439889908 223.409301758
1149 143.034219742 224.003631592
1150 143.034219742 224.003631592
1151 143.034219742 224.003631592
1152 143.034219742 224.003631592
1153 143.034219742 224.003631592
1154 143.63876152 224.597961426
1155 143.63876152 224.597961426
1156 143.63876152 224.597961426
1157 143.63876152 224.597961426
1158 143.654401779 224.613601685
1159 144.278038025 225.223571778
1160 144.293678284 225.239212036
1161 144.293678284 225.239212036
1162 144.293678284 225.239212036
1163 144.293678284 225.239212036
1164 145.001396179 225.946929932
1165 145.017036438 225.962570191
1166 145.017036438 225.962570191
1167 145.017036438 225.962570191
1168 145.017036438 225.962570191
1169 145.017036438 225.962570191
1170 135.979141235 226.6038208
1171 135.979141235 226.6038208
1172 135.979141235 226.6038208
1173 135.979141235 226.6038208
1174 135.979141235 226.6038208
1175 136.589111328 227.213790893
1176 136.589111328 227.213790893
1177 136.589111328 227.213790893
1178 136.589111328 227.213790893
1179 136.589111328 227.213790893
1180 136.589111328 227.213790893
1181 137.174577713 227.77684021
1182 137.174577713 227.77684021
1183 137.174577713 227.77684021
1184 137.174577713 227.77684021
1185 137.174577713 227.77684021
1186 137.944377899 228.511932373
1187 137.960018158 228.527572632
1188 137.960018158 228.527572632
1189 137.960018158 228.527572632
1190 137.960018158 228.527572632
1191 137.960018158 228.527572632
1192 138.587177277 229.137542725
1193 138.587177277 229.137542725
1194 138.587177277 229.137542725
1195 138.587177277 229.137542725
1196 138.587177277 229.137542725
1197 139.131813049 229.638031006
1198 139.131813049 229.638031006
1199 139.131813049 229.638031006
1200 139.121969223 229.638031006
1201 139.121969223 229.638031006
1202 139.793581009 230.294921875
1203 139.824861527 230.326202393
1204 139.824861527 230.326202393
1205 139.824861527 230.326202393
1206 139.824861527 230.326202393
1207 140.376132966 230.873611451
1208 140.376132966 230.873611451
1209 140.376132966 230.873611451
1210 140.376132966 230.873611451
1211 140.376132966 230.873611451
1212 141.094524384 231.561782837
1213 141.094524384 231.561782837
1214 141.094524384 231.561782837
1215 141.094524384 231.561782837
1216 141.110164642 231.577423095
1217 141.110164642 231.577423095
1218 142.526464462 232.985046386
1219 142.526464462 232.985046386
1220 142.526464462 232.985046386
1221 142.526464462 232.985046386
1222 142.526464462 232.985046386
1223 142.542104721 233.000686645
1224 142.540920257 232.985046386
1225 142.540920257 232.985046386
1226 142.540920257 232.985046386
1227 142.540920257 232.985046386
1228 142.963207245 233.407333374
1229 142.963207245 233.407333374
1230 136.71449852 233.407333374
1231 136.71449852 233.407333374
1232 136.730138779 233.422973633
1233 137.308828354 234.001663208
1234 137.308279038 233.986022949
1235 137.308279038 233.986022949
1236 137.308279038 233.986022949
1237 137.308279038 233.986022949
1238 138.136123658 234.799316406
1239 138.13533783 234.783676147
1240 138.13533783 234.783676147
1241 138.13533783 234.783676147
1242 138.13533783 234.783676147
1243 138.13533783 234.783676147
1244 138.643306733 235.26852417
1245 138.658946991 235.284164429
1246 138.658946991 235.284164429
1247 138.674587249 235.299804688
1248 138.674587249 235.299804688
1249 138.674587249 235.299804688
1250 139.349060059 235.941055297
1251 139.349060059 235.941055297
1252 139.349060059 235.941055297
1253 139.349060059 235.941055297
1254 139.349060059 235.941055297
1255 139.87682724 236.441543579
1256 139.87682724 236.441543579
1257 139.87682724 236.441543579
1258 139.87682724 236.441543579
1259 139.892467499 236.457183838
1260 137.227676392 237.254837036
1261 137.233472824 237.254837036
1262 137.233472824 237.254837036
1263 137.233472824 237.254837036
1264 137.233472824 237.254837036
1265 137.233472824 237.254837036
1266 137.890363693 237.911727905
1267 138.046766281 238.068130493
1268 138.046766281 238.068130493
1269 138.046766281 238.068130493
1270 138.046766281 238.068130493
1271 138.046766281 238.068130493
1272 138.570751191 238.552978516
1273 138.570751191 238.552978516
1274 138.570751191 238.552978516
1275 138.586391449 238.568618775
1276 138.586391449 238.568618775
1277 139.323610305 239.27243042
1278 139.323610305 239.27243042
1279 139.323610305 239.27243042
1280 139.323610305 239.27243042
1281 139.323610305 239.27243042
1282 139.323610305 239.27243042
1283 140.009807586 239.944961548
1284 140.009807586 239.944961548
1285 140.009807586 239.944961548
1286 140.009807586 239.944961548
1287 140.009807586 239.944961548
1288 140.588401794 240.508010864
1289 140.588401794 240.508010864
1290 140.566360474 240.508010864
1291 140.582000732 240.523651123
1292 140.582000732 240.523651123
1293 141.217947006 241.121887207
1294 141.217947006 241.121887207
1295 141.217947006 241.121887207
1296 141.217947006 241.121887207
1297 141.217947006 241.121887207
1298 141.963012695 241.841339112
1299 141.977178574 241.841339111
1300 141.977178574 241.841339111
1301 141.977178574 241.841339111
1302 141.977178574 241.841339111
1303 141.977178574 241.841339111
1304 142.608457565 242.451309204
1305 142.59961319 242.404388427
1306 142.59961319 242.404388427
1307 142.59961319 242.404388427
1308 142.59961319 242.404388427
1309 143.178302765 242.983078003
1310 143.193943024 242.998718262
1311 143.193943024 242.998718262
1312 143.193943024 242.998718262
1313 143.193943024 242.998718262
1314 143.193943024 242.998718262
1315 143.981473923 243.718170166
1316 143.981473923 243.718170166
1317 143.981473923 243.718170166
1318 143.997114182 243.733810425
1319 143.997114182 243.733810425
1320 138.128459931 244.484542847
1321 138.126878739 244.43762207
1322 138.126878739 244.43762207
1323 138.126878739 244.43762207
1324 138.126878739 244.43762207
1325 138.126878739 244.43762207
1326 138.126878739 244.43762207
1327 138.891067504 245.141433716
1328 138.891067504 245.141433716
1329 138.891067504 245.141433716
1330 138.891067504 245.141433716
1331 138.891067504 245.141433716
1332 138.891067504 245.141433716
1333 139.501037597 245.751403809
1334 139.493143081 245.73576355
1335 139.493143081 245.73576355
1336 139.50878334 245.751403809
1337 139.50878334 245.751403809
1338 139.50878334 245.751403809
1339 140.1500988 246.377014161
1340 140.1500988 246.377014161
1341 140.1500988 246.377014161
1342 140.1500988 246.377014161
1343 140.1500988 246.377014161
1344 140.1500988 246.377014161
1345 140.853910446 247.080825806
1346 140.853910446 247.080825806
1347 140.853910446 247.080825806
1348 140.853910446 247.080825806
1349 140.869550705 247.096466064
1350 140.869550705 247.096466064
1351 140.869550705 247.096466064
1352 141.651563644 247.878479004
1353 141.660945893 247.878479004
1354 141.660945893 247.878479004
1355 141.660945893 247.878479004
1356 141.660945893 247.878479004
1357 141.660945893 247.878479004
1358 141.660945893 247.878479004
1359 142.288721085 248.488449097
1360 142.278146744 248.472808838
1361 142.278146744 248.472808838
1362 142.278146744 248.472808838
1363 142.278146744 248.472808838
1364 142.278146744 248.472808838
1365 142.278146744 248.472808838
1366 143.049402237 249.239181518
1367 143.048719406 249.22354126
1368 143.048719406 249.22354126
1369 143.048719406 249.22354126
1370 143.064359665 249.239181519
1371 143.064359665 249.239181519
1372 143.064359665 249.239181519
1373 143.82986641 249.974273682
1374 143.839441299 249.974273682
1375 143.839441299 249.974273682
1376 143.839441299 249.974273682
1377 143.839441299 249.974273682
1378 143.839441299 249.974273682
1379 143.839441299 249.974273682
1380 143.839441299 249.974273682
1381 144.485214233 250.568603516
1382 144.485214233 250.568603516
1383 144.485214233 250.568603516
1384 144.485214233 250.568603516
1385 144.500854492 250.584243774
1386 144.500854492 250.584243774
1387 144.500854492 250.584243774
1388 145.385120392 251.444458007
1389 145.40055275 251.444458008
1390 145.40055275 251.444458008
1391 145.40055275 251.444458008
1392 145.40055275 251.444458008
1393 145.40055275 251.444458008
1394 145.40055275 251.444458008
1395 145.40055275 251.444458008
1396 146.201780319 252.226470947
1397 146.23251915 252.242111206
1398 146.23251915 252.242111206
1399 146.23251915 252.242111206
1400 146.23251915 252.242111206
1401 146.248159409 252.257751465
1402 146.248159409 252.257751465
1403 146.248159409 252.257751465
1404 147.125354767 253.086685181
1405 147.111228943 253.039764404
1406 147.111228943 253.039764404
1407 147.111228943 253.039764404
1408 147.111228943 253.039764404
1409 147.111228943 253.039764404
1410 147.111228943 253.039764404
1411 147.111228943 253.039764404
1412 148.002088547 253.899978638
1413 148.653333664 254.525588989
1414 148.653333664 254.525588989
1415 148.653333664 254.525588989
1416 148.653333664 254.525588989
1417 148.653333664 254.525588989
1418 148.668973923 254.541229248
1419 148.668973923 254.541229248
1420 148.668973923 254.541229248
1421 148.820745469 254.666351319
1422 148.820745469 254.666351319
1423 148.820745469 254.666351319
1424 148.820745469 254.666351319
1425 148.820745469 254.666351319
1426 148.820745469 254.666351319
1427 148.820745469 254.666351319
1428 148.820745469 254.666351319
1429 148.820745469 254.666351319
1430 149.910024643 255.714248657
1431 149.925664901 255.729888916
1432 149.925664901 255.729888916
1433 149.925664901 255.729888916
1434 149.925664901 255.729888916
1435 149.94130516 255.745529174
1436 149.94130516 255.745529174
1437 149.94130516 255.745529174
1438 150.703521728 256.468887329
1439 150.689510345 256.390686035
1440 139.333517075 256.390686035
1441 139.333517075 256.390686035
1442 139.333517075 256.390686035
1443 139.333517075 256.390686035
1444 139.333517075 256.390686035
1445 139.333517075 256.390686035
1446 139.333517075 256.390686035
1447 140.002298355 257.031936645
1448 140.07897377 257.078857422
1449 140.07897377 257.078857422
1450 140.07897377 257.078857422
1451 140.07897377 257.078857422
1452 140.07897377 257.078857422
1453 140.07897377 257.078857422
1454 140.07897377 257.078857422
1455 140.914710998 257.907791138
1456 140.912082672 257.87651062
1457 140.912082672 257.87651062
1458 140.912082672 257.87651062
1459 140.927722931 257.892150879
1460 140.927722931 257.892150879
1461 140.927722931 257.892150879
1462 140.927722931 257.892150879
1463 140.927722931 257.892150879
1464 141.715394973 258.627243042
1465 141.712207794 258.611602783
1466 141.712207794 258.611602783
1467 141.712207794 258.611602783
1468 141.712207794 258.611602783
1469 141.712207794 258.611602783
1470 141.712207794 258.611602783
1471 141.712207794 258.611602783
1472 142.438346863 259.29977417
1473 142.967170715 259.768981934
1474 142.967170715 259.768981934
1475 142.967170715 259.768981934
1476 142.967170715 259.768981934
1477 142.967170715 259.768981934
1478 142.967170715 259.768981934
1479 142.967170715 259.768981934
1480 143.217414856 260.019226074
1481 143.2110672 259.956665039
1482 143.2110672 259.956665039
1483 143.2110672 259.956665039
1484 143.2110672 259.956665039
1485 143.2110672 259.956665039
1486 143.2110672 259.956665039
1487 143.2110672 259.956665039
1488 144.554887772 261.286087036
1489 144.569120407 261.270446778
1490 144.569120407 261.270446778
1491 144.569120407 261.270446778
1492 144.584760666 261.286087036
1493 144.584760666 261.286087036
1494 144.584760666 261.286087036
1495 144.584760666 261.286087036
1496 145.354598999 262.00553894
1497 145.352527619 261.974258423
1498 145.352527619 261.974258423
1499 145.352527619 261.974258423
1500 145.319591522 261.974258423
1501 145.319591522 261.974258423
1502 145.319591522 261.974258423
1503 145.319591522 261.974258423
1504 145.319591522 261.974258423
1505 145.576997757 262.208862304
1506 145.574764251 262.161941528
1507 145.574764251 262.161941528
1508 145.574764251 262.161941528
1509 145.574764251 262.161941528
1510 145.59040451 262.177581787
1511 145.59040451 262.177581787
1512 145.59040451 262.177581787
1513 145.59040451 262.177581787
1514 146.420715332 262.975234985
1515 146.436355591 262.990875244
1516 146.436355591 262.990875244
1517 146.436355591 262.990875244
1518 146.436355591 262.990875244
1519 146.436355591 262.990875244
1520 146.436355591 262.990875244
1521 146.436355591 262.990875244
1522 147.173913956 263.710327149
1523 147.16217041 263.663406372
1524 147.177810669 263.679046631
1525 147.177810669 263.679046631
1526 147.177810669 263.679046631
1527 147.193450928 263.69468689
1528 147.193450928 263.69468689
1529 147.193450928 263.69468689
1530 147.193450928 263.69468689
1531 147.924827576 264.367218018
1532 147.924827576 264.367218018
1533 147.924827576 264.367218018
1534 147.924827576 264.367218018
1535 147.924827576 264.367218018
1536 147.924827576 264.367218018
1537 147.924827576 264.367218018
1538 148.549491883 264.961547852
1539 148.549491883 264.961547852
1540 148.549491883 264.961547852
1541 148.549491883 264.961547852
1542 148.565132141 264.97718811
1543 148.565132141 264.97718811
1544 148.565132141 264.97718811
1545 149.348192215 265.727920532
1546 149.345014572 265.712280273
1547 149.345014572 265.712280273
1548 149.345014572 265.712280273
1549 149.345014572 265.712280273
1550 149.345014572 265.712280273
1551 149.345014572 265.712280273
1552 149.345014572 265.712280273
1553 149.345014572 265.712280273
1554 150.15504837 266.478652954
1555 150.170671463 266.478652954
1556 150.170671463 266.478652954
1557 150.170671463 266.478652954
1558 150.170671463 266.478652954
1559 150.170671463 266.478652954
1560 150.170671463 266.478652954
1561 150.170671463 266.478652954
1562 150.963916779 267.213745117
1563 150.951826096 267.166824341
1564 150.951826096 267.166824341
1565 150.951826096 267.166824341
1566 150.951826096 267.166824341
1567 150.951826096 267.166824341
1568 150.951826096 267.166824341
1569 150.951826096 267.166824341
1570 151.702590943 267.870635986
1571 151.702590943 267.870635986
1572 151.702590943 267.870635986
1573 151.702590943 267.870635986
1574 151.702590943 267.870635986
1575 151.718231202 267.886276245
1576 151.718231202 267.886276245
1577 151.718231202 267.886276245
1578 152.519472123 268.637008667
1579 152.511882782 268.590087891
1580 152.511882782 268.590087891
1581 152.511882782 268.590087891
1582 152.511882782 268.590087891
1583 152.511882782 268.590087891
1584 152.511882782 268.590087891
1585 152.511882782 268.590087891
1586 152.511882782 268.590087891
1587 154.243919373 270.201034546
1588 154.259559631 270.216674805
1589 154.259559631 270.216674805
1590 154.215988159 270.216674805
1591 154.215988159 270.216674805
1592 154.215988159 270.216674805
1593 154.215988159 270.216674805
1594 154.215988159 270.216674805
1595 154.183404922 270.122833252
1596 154.19414711 270.122833252
1597 154.19414711 270.122833252
1598 154.19414711 270.122833252
1599 154.19414711 270.122833252
1600 154.19414711 270.122833252
1601 154.19414711 270.122833252
1602 154.19414711 270.122833252
1603 154.773048401 270.642868042
1604 154.773048401 270.642868042
1605 154.773048401 270.642868042
1606 154.773048401 270.642868042
1607 154.773048401 270.642868042
1608 154.773048401 270.642868042
1609 154.773048401 270.642868042
1610 154.773048401 270.642868042
1611 155.722644806 271.471801757
1612 155.746210099 271.456161499
1613 155.746210099 271.456161499
1614 155.746210099 271.456161499
1615 155.746210099 271.456161499
1616 155.746210099 271.456161499
1617 155.746210099 271.456161499
1618 155.746210099 271.456161499
1619 155.746210099 271.456161499
1620 140.952268601 272.206893921
1621 140.952268601 272.206893921
1622 140.952268601 272.206893921
1623 140.952268601 272.206893921
1624 140.952268601 272.206893921
1625 140.952268601 272.206893921
1626 140.952268601 272.206893921
1627 140.952268601 272.206893921
1628 140.952268601 272.206893921
1629 141.578327179 272.73866272
1630 141.578327179 272.73866272
1631 141.578327179 272.73866272
1632 141.578327179 272.73866272
1633 141.578327179 272.73866272
1634 141.578327179 272.73866272
1635 141.578327179 272.73866272
1636 142.43645668 273.520675659
1637 143.143615722 274.177566529
1638 143.143615722 274.177566529
1639 143.143615722 274.177566529
1640 143.143615722 274.177566529
1641 143.143615722 274.177566529
1642 143.143615722 274.177566529
1643 143.143615722 274.177566529
1644 143.93078041 274.912658692
1645 143.940437317 274.897018433
1646 143.956037522 274.897018433
1647 143.956037522 274.897018433
1648 143.956037522 274.897018433
1649 143.956037522 274.897018433
1650 143.923986435 274.897018433
1651 143.923986435 274.897018433
1652 143.923986435 274.897018433
1653 143.989988327 274.865737915
1654 144.000637054 274.834457397
1655 144.000637054 274.834457397
1656 144.000637054 274.834457397
1657 144.000637054 274.834457397
1658 144.000637054 274.834457397
1659 144.000637054 274.834457397
1660 144.000637054 274.834457397
1661 144.791574478 275.585189819
1662 144.805274963 275.585189819
1663 144.805274963 275.585189819
1664 144.805274963 275.585189819
1665 144.805274963 275.585189819
1666 144.820915222 275.600830078
1667 144.820915222 275.600830078
1668 144.820915222 275.600830078
1669 145.616931915 276.335922241
1670 145.600162506 276.273361206
1671 145.600162506 276.273361206
1672 145.600162506 276.273361206
1673 145.600162506 276.273361206
1674 145.600162506 276.273361206
1675 145.600162506 276.273361206
1676 145.600162506 276.273361206
1677 146.303159714 276.930252075
1678 146.299266815 276.883331299
1679 146.314907074 276.898971558
1680 146.296684265 276.898971558
1681 146.296684265 276.898971558
1682 146.312324524 276.914611817
1683 146.312324524 276.914611817
1684 146.312324524 276.914611817
1685 147.062484742 277.587142945
1686 147.056348801 277.555862427
1687 147.056348801 277.555862427
1688 147.056348801 277.555862427
1689 147.056348801 277.555862427
1690 147.056348801 277.555862427
1691 147.056348801 277.555862427
1692 147.056348801 277.555862427
1693 147.855520249 278.212753296
1694 147.849033356 278.16583252
1695 147.849033356 278.16583252
1696 147.849033356 278.16583252
1697 147.849033356 278.16583252
1698 147.849033356 278.16583252
1699 147.849033356 278.16583252
1700 147.849033356 278.16583252
1701 147.849033356 278.16583252
1702 149.339885711 279.510894776
1703 149.339885711 279.510894776
1704 149.339885711 279.510894776
1705 149.339885711 279.510894776
1706 149.339885711 279.510894776
1707 149.339885711 279.510894776
1708 149.339885711 279.510894776
1709 149.339885711 279.510894776
1710 141.427488327 279.542175293
1711 141.426151275 279.510894776
1712 141.426151275 279.510894776
1713 141.426151275 279.510894776
1714 141.426151275 279.510894776
1715 141.426151275 279.510894776
1716 141.426151275 279.510894776
1717 141.426151275 279.510894776
1718 142.15253067 280.183425904
1719 142.161996841 280.152145385
1720 142.161996841 280.152145385
1721 142.161996841 280.152145385
1722 142.1776371 280.167785644
1723 142.1776371 280.167785644
1724 142.1776371 280.167785644
1725 142.1776371 280.167785644
1726 143.097198486 280.99671936
1727 143.14097023 281.012359619
1728 143.14097023 281.012359619
1729 143.14097023 281.012359619
1730 143.14097023 281.012359619
1731 143.14097023 281.012359619
1732 143.14097023 281.012359619
1733 143.14097023 281.012359619
1734 143.968170166 281.794372558
1735 143.960014343 281.731811523
1736 143.960014343 281.731811523
1737 143.960014343 281.731811523
1738 143.960014343 281.731811523
1739 143.975654602 281.747451782
1740 143.939117432 281.747451782
1741 143.939117432 281.747451782
1742 143.939117432 281.747451782
1743 144.688259125 282.341781616
1744 144.688259125 282.341781616
1745 144.688259125 282.341781616
1746 144.688259125 282.341781616
1747 144.688259125 282.341781616
1748 144.688259125 282.341781616
1749 144.688259125 282.341781616
1750 144.688259125 282.341781616
1751 145.556930542 283.123794555
1752 145.558092118 283.076873779
1753 145.558092118 283.076873779
1754 145.558092118 283.076873779
1755 145.558092118 283.076873779
1756 145.573732376 283.092514038
1757 145.573732376 283.092514038
1758 145.573732376 283.092514038
1759 145.573732376 283.092514038
1760 146.398738861 283.815872192
1761 146.398738861 283.815872192
1762 146.398738861 283.815872192
1763 146.398738861 283.815872192
1764 146.398738861 283.815872192
1765 146.398738861 283.815872192
1766 146.398738861 283.815872192
1767 146.398738861 283.815872192
1768 146.398738861 283.815872192
1769 147.740509033 285.129653931
1770 142.376167298 285.129653931
1771 142.376167298 285.129653931
1772 142.376167298 285.129653931
1773 142.391807557 285.14529419
1774 142.391807557 285.14529419
1775 142.391807557 285.14529419
1776 142.391807557 285.14529419
1777 143.166976929 285.896026611
1778 143.148181916 285.833465576
1779 143.148181916 285.833465576
1780 143.148181916 285.833465576
1781 143.148181916 285.833465576
1782 143.148181916 285.833465576
1783 143.148181916 285.833465576
1784 143.148181916 285.833465576
1785 144.004665375 286.678039551
1786 143.997251511 286.584197998
1787 143.997251511 286.584197998
1788 143.997251511 286.584197998
1789 143.997251511 286.584197998
1790 144.012891769 286.599838257
1791 144.012891769 286.599838257
1792 144.012891769 286.599838257
1793 144.012891769 286.599838257
1794 144.858467102 287.33493042
1795 144.852209091 287.256729126
1796 144.852209091 287.256729126
1797 144.852209091 287.256729126
1798 144.852209091 287.256729126
1799 144.852209091 287.256729126
1800 144.852209091 287.256729126
1801 144.852209091 287.256729126
1802 145.0390625 287.366210938
1803 145.041536331 287.319290161
1804 145.041536331 287.319290161
1805 145.041536331 287.319290161
1806 145.041536331 287.319290161
1807 145.05717659 287.33493042
1808 145.05717659 287.33493042
1809 145.05717659 287.33493042
1810 145.834377289 288.023101806
1811 145.834377289 288.023101806
1812 145.834377289 288.023101806
1813 145.834377289 288.023101806
1814 145.834377289 288.023101806
1815 145.834377289 288.023101806
1816 145.834377289 288.023101806
1817 145.834377289 288.023101806
1818 146.706285477 288.789474487
1819 146.693965912 288.648712158
1820 146.685581207 288.633071899
1821 146.685581207 288.633071899
1822 146.685581207 288.633071899
1823 146.685581207 288.633071899
1824 146.701221466 288.648712158
1825 146.701221466 288.648712158
1826 146.701221466 288.648712158
1827 147.534446717 289.430725098
1828 147.525196076 289.336883545
1829 147.525196076 289.336883545
1830 147.485555649 289.336883545
1831 147.485555649 289.336883545
1832 147.485555649 289.336883545
1833 147.485555649 289.336883545
1834 147.485555649 289.336883545
1835 147.485555649 289.336883545
1836 148.671094894 290.494262695
1837 148.658649444 290.400421143
1838 148.658649444 290.400421143
1839 148.658649444 290.400421143
1840 148.658649444 290.400421143
1841 148.658649444 290.400421143
1842 148.674289703 290.416061402
1843 148.674289703 290.416061402
1844 148.674289703 290.416061402
1845 148.674289703 290.416061402
1846 149.490190506 291.119873047
1847 149.490190506 291.119873047
1848 149.490190506 291.119873047
1849 149.490190506 291.119873047
1850 149.490190506 291.119873047
1851 149.490190506 291.119873047
1852 149.490190506 291.119873047
1853 149.490190506 291.119873047
1854 149.490190506 291.119873047
1855 150.089378357 291.573440552
1856 150.104787827 291.573440552
1857 150.104787827 291.573440552
1858 150.104787827 291.573440552
1859 150.104787827 291.573440552
1860 150.104953766 291.58908081
1861 150.104953766 291.58908081
1862 150.104953766 291.58908081
1863 150.104953766 291.58908081
1864 150.990421295 292.324172973
1865 150.990421295 292.324172973
1866 150.990421295 292.324172973
1867 150.990421295 292.324172973
1868 150.990421295 292.324172973
1869 150.990421295 292.324172973
1870 150.990421295 292.324172973
1871 150.990421295 292.324172973
1872 151.701919556 292.981063842
1873 151.702945709 292.918502807
1874 151.718585968 292.934143066
1875 151.718585968 292.934143066
1876 151.718585968 292.934143066
1877 151.718585968 292.934143066
1878 151.734226227 292.949783325
1879 151.734226227 292.949783325
1880 151.734226227 292.949783325
1881 152.527599335 293.684875488
1882 152.527599335 293.684875488
1883 152.527599335 293.684875488
1884 152.527599335 293.684875488
1885 152.527599335 293.684875488
1886 152.527599335 293.684875488
1887 152.527599335 293.684875488
1888 152.527599335 293.684875488
1889 153.332475663 294.388687134
1890 142.766019821 294.373046875
1891 142.766019821 294.373046875
1892 142.766019821 294.373046875
1893 142.766019821 294.373046875
1894 142.78166008 294.388687134
1895 142.78166008 294.388687134
1896 142.78166008 294.388687134
1897 143.650777817 295.170700073
1898 143.647884369 295.155059815
1899 143.647884369 295.155059815
1900 143.647884369 295.155059815
1901 143.647884369 295.155059815
1902 143.647884369 295.155059815
1903 143.647884369 295.155059815
1904 143.647884369 295.155059815
1905 144.263858796 295.655548096
1906 144.25617981 295.592987061
1907 144.271820068 295.60862732
1908 144.271820068 295.60862732
1909 144.271820068 295.60862732
1910 144.271820068 295.60862732
1911 144.271820068 295.60862732
1912 144.271820068 295.60862732
1913 144.271820068 295.60862732
1914 145.123645782 296.375
1915 145.123645782 296.375
1916 145.123645782 296.375
1917 145.123645782 296.375
1918 145.139286041 296.390640258
1919 145.139286041 296.390640258
1920 145.139286041 296.390640258
1921 145.139286041 296.390640258
1922 145.993593216 297.176559448
1923 145.991024017 297.160919189
1924 145.991024017 297.160919189
1925 145.991024017 297.160919189
1926 145.991024017 297.160919189
1927 145.991024017 297.160919189
1928 145.991024017 297.160919189
1929 145.991024017 297.160919189
1930 146.664865494 297.755249023
1931 146.695419311 297.770889282
1932 146.695419311 297.770889282
1933 146.695419311 297.770889282
1934 146.71105957 297.786529541
1935 146.71105957 297.786529541
1936 146.71105957 297.786529541
1937 146.71105957 297.786529541
1938 146.71105957 297.786529541
1939 147.355476379 298.287017822
1940 147.355459213 298.271377563
1941 147.355459213 298.271377563
1942 147.355459213 298.271377563
1943 147.355459213 298.271377563
1944 147.355459213 298.271377563
1945 142.929668426 298.287017822
