2.0	98.688
4.0	120.378
6.0	64.509
8.0	57.534
10.0	56.812
12.0	56.784
14.0	62.234
16.0	63.345
18.0	64.04
20.0	63.777
22.0	62.459
24.0	65.696
26.0	65.041
28.0	63.512
30.0	64.614
32.0	61.002
34.0	68.25
36.0	64.625
38.0	65.44
40.0	62.679
42.0	67.293
44.0	65.984
46.0	63.757
48.0	64.563
50.0	66.461
52.0	62.165
54.0	68.084
56.0	65.463
58.0	64.691
60.0	65.344
62.0	64.639
64.0	65.193
66.0	64.959
68.0	65.252
70.0	66.859
72.0	64.469
74.0	65.207
76.0	66.4
78.0	63.342
80.0	65.601
82.0	66.318
84.0	65.183
86.0	63.114
88.0	66.617
90.0	63.995
92.0	65.277
94.0	67.447
96.0	64.825
98.0	65.642
100.0	63.573
102.0	65.384
104.0	65.933
106.0	62.925
108.0	68.079
110.0	62.84
112.0	66.61
114.0	65.332
116.0	64.695
118.0	64.816
120.0	64.691
122.0	65.079
124.0	63.891
126.0	65.822
128.0	64.413
130.0	66.201
132.0	63.166
134.0	65.807
136.0	63.29
138.0	69.277
140.0	64.184
142.0	63.01
144.0	65.9
146.0	64.793
148.0	64.674
150.0	67.725
152.0	62.987
154.0	63.861
156.0	66.83
158.0	64.458
160.0	66.17
162.0	62.617
164.0	65.177
166.0	68.924
168.0	61.684
170.0	63.371
172.0	65.042
174.0	63.474
176.0	64.821
178.0	65.055
180.0	61.001
182.0	67.643
184.0	63.282
186.0	66.0
188.0	60.595
190.0	65.847
192.0	63.536
194.0	64.646
196.0	63.657
198.0	65.012
200.0	63.267
202.0	65.524
204.0	63.087
206.0	64.554
208.0	65.341
210.0	62.322
212.0	65.664
214.0	63.749
216.0	60.486
218.0	63.077
220.0	66.994
222.0	63.863
224.0	60.925
226.0	63.903
228.0	65.285
230.0	61.579
232.0	66.698
234.0	61.993
236.0	64.365
238.0	63.854
240.0	64.258
242.0	64.325
244.0	63.798
246.0	59.353
248.0	66.141
250.0	65.511
252.0	62.928
254.0	66.028
256.0	60.766
258.0	64.397
260.0	63.977
262.0	64.547
264.0	62.201
266.0	64.856
268.0	63.618
270.0	63.477
272.0	62.868
274.0	61.715
276.0	66.248
278.0	63.923
280.0	64.454
282.0	62.378
284.0	64.485
286.0	63.068
288.0	64.204
290.0	62.844
292.0	63.03
294.0	64.966
296.0	63.74
298.0	62.815
300.0	62.963
302.0	63.974
304.0	64.385
306.0	62.238
308.0	64.877
310.0	63.272
312.0	63.1
314.0	61.471
316.0	61.004
318.0	70.274
320.0	60.338
322.0	64.636
324.0	63.145
326.0	62.813
328.0	65.686
330.0	62.756
332.0	59.9
334.0	64.144
336.0	65.339
338.0	62.876
340.0	63.489
342.0	62.742
344.0	64.094
346.0	63.113
348.0	62.424
350.0	64.24
352.0	62.305
354.0	65.331
356.0	61.394
358.0	63.099
360.0	63.773
362.0	64.005
364.0	63.803
366.0	61.906
368.0	64.387
370.0	62.517
372.0	62.937
374.0	63.705
376.0	63.106
378.0	61.463
380.0	63.205
382.0	62.787
384.0	62.976
386.0	63.913
388.0	62.829
390.0	62.205
392.0	64.78
394.0	59.625
396.0	62.906
398.0	62.311
400.0	61.716
402.0	62.436
404.0	62.177
406.0	61.653
408.0	62.054
410.0	63.469
412.0	61.721
414.0	63.858
416.0	61.122
418.0	60.927
420.0	62.1
422.0	62.543
424.0	64.077
426.0	59.919
428.0	62.511
430.0	62.676
432.0	60.497
434.0	61.9
436.0	62.605
438.0	61.762
440.0	63.607
442.0	61.888
444.0	60.767
446.0	63.907
448.0	60.74
450.0	61.892
452.0	61.074
454.0	60.235
456.0	64.345
458.0	60.905
460.0	60.413
462.0	64.824
464.0	60.559
466.0	60.226
468.0	61.606
470.0	62.311
472.0	63.055
474.0	60.247
476.0	62.265
478.0	60.325
480.0	61.562
482.0	63.787
484.0	61.026
486.0	62.657
488.0	59.067
490.0	62.966
492.0	60.731
494.0	63.228
496.0	60.666
498.0	59.747
500.0	59.61
502.0	64.222
504.0	61.859
506.0	60.103
508.0	63.388
510.0	59.99
512.0	63.199
514.0	60.261
516.0	61.386
518.0	62.362
520.0	59.712
522.0	63.472
524.0	61.035
526.0	58.922
528.0	63.121
530.0	60.382
532.0	58.934
534.0	62.988
536.0	61.939
538.0	59.768
540.0	63.472
542.0	60.572
544.0	60.606
546.0	62.331
548.0	60.255
550.0	61.551
552.0	59.055
554.0	63.925
556.0	58.204
558.0	63.163
560.0	61.028
562.0	60.134
564.0	60.343
566.0	62.272
568.0	58.652
570.0	60.882
572.0	61.139
574.0	59.99
576.0	60.056
578.0	62.787
580.0	59.964
582.0	59.924
584.0	60.587
586.0	59.927
588.0	61.405
590.0	60.717
592.0	60.986
594.0	57.1
596.0	63.427
598.0	59.478
600.0	62.379
602.0	59.496
604.0	61.031
606.0	57.895
608.0	62.604
610.0	57.645
612.0	62.391
614.0	60.881
616.0	61.966
618.0	59.412
620.0	54.06
622.0	64.371
624.0	61.535
626.0	59.649
628.0	57.822
630.0	61.175
632.0	61.451
634.0	58.264
636.0	60.259
638.0	59.41
640.0	60.736
642.0	60.498
644.0	60.505
646.0	59.568
648.0	60.287
650.0	59.931
652.0	58.745
654.0	61.317
656.0	59.562
658.0	58.992
660.0	59.477
662.0	60.228
664.0	58.628
666.0	60.038
668.0	61.208
670.0	57.367
672.0	60.657
674.0	59.275
676.0	60.441
678.0	59.994
680.0	59.504
682.0	59.412
684.0	59.758
686.0	61.48
688.0	59.22
690.0	62.009
692.0	58.192
694.0	59.605
696.0	59.176
698.0	59.209
700.0	60.141
702.0	57.837
704.0	60.553
706.0	61.309
708.0	59.469
710.0	58.568
712.0	59.026
714.0	59.963
716.0	59.032
718.0	59.928
720.0	59.727
722.0	58.559
724.0	59.864
726.0	59.518
728.0	59.02
730.0	61.527
732.0	58.292
734.0	58.904
736.0	58.488
738.0	61.233
740.0	56.565
742.0	60.465
744.0	59.174
746.0	58.983
748.0	60.085
750.0	57.099
752.0	57.012
754.0	60.315
756.0	60.027
758.0	59.702
760.0	56.947
762.0	58.123
764.0	59.638
766.0	59.723
768.0	56.796
770.0	59.02
772.0	58.167
774.0	59.473
776.0	58.108
778.0	59.067
780.0	58.452
782.0	58.717
784.0	58.676
786.0	58.289
788.0	58.204
790.0	57.028
792.0	60.369
794.0	57.026
796.0	56.872
798.0	58.047
800.0	56.823
802.0	58.505
804.0	60.712
806.0	57.786
808.0	59.847
810.0	57.834
812.0	57.469
814.0	57.748
816.0	59.953
818.0	55.954
820.0	58.882
822.0	57.236
824.0	60.632
826.0	56.018
828.0	58.773
830.0	54.499
832.0	62.13
834.0	56.093
836.0	58.563
838.0	57.523
840.0	58.455
842.0	57.809
844.0	58.078
846.0	56.28
848.0	57.398
850.0	60.213
852.0	57.889
854.0	54.556
856.0	59.911
858.0	57.968
860.0	58.227
862.0	57.12
864.0	56.845
866.0	57.333
868.0	56.806
870.0	58.301
872.0	59.372
874.0	55.444
876.0	57.422
878.0	55.901
880.0	58.283
882.0	56.594
884.0	55.65
886.0	58.424
888.0	56.924
890.0	58.577
892.0	55.263
894.0	55.898
896.0	58.709
898.0	55.649
900.0	53.088
902.0	60.098
904.0	57.254
906.0	57.416
908.0	56.235
910.0	58.295
912.0	56.354
914.0	56.622
916.0	58.132
918.0	55.422
920.0	56.856
922.0	57.314
924.0	55.25
926.0	57.035
928.0	55.805
930.0	55.719
932.0	57.738
934.0	56.893
936.0	55.211
938.0	58.567
940.0	55.521
942.0	55.837
944.0	57.813
946.0	56.364
948.0	56.382
950.0	54.795
952.0	58.107
954.0	52.12
956.0	54.142
958.0	53.117
960.0	52.345
962.0	49.17
964.0	52.369
966.0	50.306
968.0	49.115
970.0	49.137
972.0	46.978
974.0	46.347
976.0	46.887
978.0	46.391
980.0	28.765
982.0	15.403
984.0	11.663
986.0	9.964
988.0	10.923
990.0	10.676
992.0	7.889
994.0	8.471
996.0	10.694
998.0	8.78
1000.0	9.321
1002.0	7.59
1004.0	9.033
1006.0	6.865
1008.0	7.914
1010.0	6.65
1012.0	6.926
1014.0	11.098
1016.0	8.529
1018.0	6.082
1020.0	5.765
1022.0	7.895
1024.0	7.327
1026.0	7.926
1028.0	7.297
1030.0	8.075
1032.0	6.393
1034.0	12.292
1036.0	10.254
1038.0	6.537
1040.0	6.926
1042.0	7.313
1044.0	6.764
1046.0	8.663
1048.0	8.726
1050.0	7.902
1052.0	5.365
1054.0	6.425
1056.0	6.151
1058.0	6.567
1060.0	10.174
1062.0	5.205
1064.0	5.375
1066.0	5.825
1068.0	5.895
1070.0	4.804
1072.0	10.623
1074.0	8.19
1076.0	7.894
1078.0	5.62
1080.0	6.207
1082.0	4.982
1084.0	5.53
1086.0	8.362
1088.0	7.63
1090.0	7.288
1092.0	8.113
1094.0	7.904
1096.0	6.063
1098.0	9.4
1100.0	8.135
1102.0	6.804
1104.0	4.409
1106.0	8.252
1108.0	6.292
1110.0	4.796
1112.0	7.339
1114.0	5.262
1116.0	8.601
1118.0	4.567
1120.0	8.451
1122.0	6.031
1124.0	5.021
1126.0	9.581
1128.0	4.21
1130.0	3.74
1132.0	3.419
1134.0	6.621
1136.0	8.581
1138.0	7.147
1140.0	5.482
1142.0	6.983
1144.0	6.137
1146.0	4.942
1148.0	8.471
1150.0	6.945
1152.0	4.854
1154.0	4.859
1156.0	4.921
1158.0	3.843
1160.0	6.012
1162.0	6.851
1164.0	4.186
1166.0	4.877
1168.0	4.466
1170.0	5.52
1172.0	3.407
1174.0	4.089
1176.0	3.514
1178.0	3.523
1180.0	3.845
1182.0	8.159
1184.0	4.776
1186.0	3.629
1188.0	3.138
1190.0	3.523
1192.0	3.462
1194.0	4.38
1196.0	5.344
1198.0	4.126
1200.0	4.294
