2.0	169.533
4.0	97.457
6.0	62.256
8.0	63.059
10.0	62.397
12.0	64.108
14.0	68.018
16.0	62.819
18.0	64.237
20.0	61.679
22.0	69.848
24.0	63.253
26.0	65.93
28.0	72.578
30.0	63.518
32.0	59.901
34.0	65.808
36.0	64.296
38.0	65.254
40.0	69.955
42.0	62.398
44.0	60.762
46.0	65.821
48.0	63.522
50.0	62.552
52.0	61.214
54.0	72.094
56.0	61.47
58.0	65.336
60.0	65.061
62.0	66.459
64.0	67.747
66.0	63.887
68.0	69.035
70.0	64.618
72.0	63.733
74.0	69.984
76.0	57.765
78.0	69.608
80.0	63.39
82.0	56.421
84.0	65.054
86.0	67.204
88.0	68.731
90.0	63.944
92.0	63.287
94.0	60.689
96.0	65.2
98.0	64.104
100.0	62.727
102.0	81.446
104.0	62.399
106.0	71.721
108.0	63.226
110.0	59.3
112.0	67.994
114.0	70.47
116.0	66.043
118.0	60.131
120.0	66.24
122.0	61.083
124.0	64.608
126.0	66.324
128.0	60.35
130.0	65.901
132.0	61.012
134.0	65.833
136.0	67.393
138.0	66.135
140.0	65.848
142.0	63.506
144.0	60.077
146.0	57.983
148.0	65.02
150.0	59.973
152.0	56.418
154.0	64.236
156.0	61.029
158.0	56.033
160.0	61.415
162.0	61.732
164.0	60.058
166.0	61.757
168.0	64.572
170.0	52.876
172.0	64.476
174.0	60.066
176.0	51.45
178.0	55.042
180.0	63.061
182.0	52.407
184.0	57.021
186.0	59.389
188.0	49.374
190.0	55.263
192.0	61.078
194.0	53.39
196.0	56.314
198.0	59.29
200.0	51.944
202.0	55.003
204.0	63.193
206.0	53.053
208.0	55.852
210.0	61.178
212.0	53.239
214.0	54.003
216.0	60.739
218.0	51.209
220.0	59.146
222.0	59.821
224.0	53.167
226.0	57.63
228.0	62.719
230.0	51.673
232.0	52.091
234.0	64.38
236.0	56.023
238.0	55.822
240.0	62.744
242.0	51.79
244.0	53.1
246.0	63.819
248.0	48.082
250.0	63.037
252.0	57.958
254.0	55.774
256.0	53.149
258.0	63.038
260.0	56.577
262.0	51.749
264.0	60.419
266.0	53.52
268.0	57.271
270.0	64.312
272.0	51.705
274.0	55.846
276.0	60.797
278.0	53.723
280.0	53.709
282.0	62.668
284.0	58.004
286.0	55.357
288.0	61.234
290.0	54.059
292.0	49.912
294.0	66.468
296.0	54.899
298.0	54.911
300.0	65.867
302.0	51.226
304.0	51.26
306.0	61.655
308.0	50.745
