341 130.02772522 130.033065796
342 130.02772522 130.033065796
343 130.02772522 130.033065796
344 130.02772522 130.033065796
345 130.02772522 130.033065796
346 130.02772522 130.033065796
347 130.02772522 130.033065796
348 130.02772522 130.033065796
349 130.02772522 130.033065796
350 130.02772522 130.033065796
351 130.02772522 130.033065796
352 133.593704224 133.5990448
353 133.609344483 133.614685059
354 133.609344483 133.614685059
355 133.624984742 133.630325318
356 133.624984742 133.630325318
357 133.624984742 133.630325318
358 133.624984742 133.630325318
359 133.624984742 133.630325318
360 133.615159989 133.630325318
361 133.615159989 133.630325318
362 133.615159989 133.630325318
363 133.615159989 133.630325318
364 133.615159989 133.630325318
365 133.615159989 133.630325318
366 133.615159989 133.630325318
367 133.615159989 133.630325318
368 133.615159989 133.630325318
369 133.615159989 133.630325318
370 133.615159989 133.630325318
371 134.256410599 134.271575928
372 135.476350785 135.491516114
373 135.476350785 135.491516114
374 135.476350785 135.491516114
375 135.476350785 135.491516114
376 135.476350785 135.491516114
377 135.476350785 135.491516114
378 135.476350785 135.491516114
379 135.476350785 135.491516114
380 135.476350785 135.491516114
381 135.476350785 135.491516114
382 135.476350785 135.491516114
383 135.476350785 135.491516114
384 135.476350785 135.491516114
385 135.476350785 135.491516114
386 135.476350785 135.491516114
387 137.181138993 137.196304322
388 137.196779251 137.21194458
389 137.228059769 137.243225098
390 134.121768951 137.243225098
391 134.121768951 137.243225098
392 134.121768951 137.243225098
393 134.121768951 137.243225098
394 134.121768951 137.243225098
395 134.121768951 137.243225098
396 134.121768951 137.243225098
397 134.121768951 137.243225098
398 134.121768951 137.243225098
399 134.121768951 137.243225098
400 134.903781891 138.025238037
401 134.903781891 138.025238037
402 134.903781891 138.025238037
403 134.903781891 138.025238037
404 134.903781891 138.025238037
405 134.91942215 138.040878296
406 134.91942215 138.040878296
407 134.91942215 138.040878296
408 135.889118195 139.010574341
409 135.889118195 139.010574341
410 135.920398712 139.041854858
411 135.920398712 139.041854858
412 135.920398712 139.041854858
413 135.920398712 139.041854858
414 135.920398712 139.041854858
415 135.920398712 139.041854858
416 135.920398712 139.041854858
417 136.874454498 139.995910644
418 136.890094757 140.011550903
419 136.890094757 140.011550903
420 136.88999939 140.011550903
421 136.88999939 140.011550903
422 136.88999939 140.011550903
423 136.88999939 140.011550903
424 136.88999939 140.011550903
425 136.88999939 140.011550903
426 138.641708374 141.763259888
427 138.641708374 141.763259888
428 138.641708374 141.763259888
429 138.641708374 141.763259888
430 138.641708374 141.763259888
431 138.641708374 141.763259888
432 138.641708374 141.763259888
433 138.657348633 141.778900146
434 138.657348633 141.778900146
435 138.657348633 141.778900146
436 138.657348633 141.778900146
437 138.672988891 141.794540405
438 138.672988891 141.794540405
439 138.672988891 141.794540405
440 139.861648559 142.983200073
441 139.861648559 142.983200073
442 139.861648559 142.983200073
443 139.861648559 142.983200073
444 139.861648559 142.983200073
445 139.861648559 142.983200073
446 139.861648559 142.983200073
447 139.861648559 142.983200073
448 139.892929077 143.01448059
449 139.892929077 143.01448059
450 139.89285469 143.01448059
451 139.89285469 143.01448059
452 139.89285469 143.01448059
453 139.89285469 143.01448059
454 139.89285469 143.01448059
455 140.40898323 143.53060913
456 140.424623489 143.546249389
457 140.424623489 143.546249389
458 140.424623489 143.546249389
459 140.424623489 143.546249389
460 140.424623489 143.546249389
461 140.753068924 143.874694824
462 140.753068924 143.874694824
463 140.753068924 143.874694824
464 140.753068924 143.874694824
465 140.753068924 143.874694824
466 141.276683807 144.390823364
467 141.276683807 144.390823364
468 141.276683807 144.390823364
469 141.276683807 144.390823364
470 141.292324066 144.406463623
471 141.698970795 144.813110352
472 141.698970795 144.813110352
473 141.698970795 144.813110352
474 141.698970795 144.813110352
475 141.698970795 144.813110352
476 142.328487396 145.442626953
477 142.359767914 145.473907471
478 142.359767914 145.473907471
479 142.359767914 145.473907471
480 142.359706878 145.473907471
481 142.359706878 145.473907471
482 143.235561371 146.349761962
483 143.235561371 146.349761962
484 143.235561371 146.349761962
485 143.235561371 146.349761962
486 143.235561371 146.349761962
487 143.313762665 146.427963256
488 143.313762665 146.427963256
489 143.313762665 146.427963256
490 143.313762665 146.427963256
491 143.313762665 146.427963256
492 143.829891205 146.944091796
493 143.829891205 146.944091796
494 143.829891205 146.944091796
495 143.829891205 146.944091796
496 143.829891205 146.944091796
497 144.580623626 147.694824218
498 144.596263885 147.710464477
499 144.611904144 147.726104736
500 144.611904144 147.726104736
501 144.611904144 147.726104736
502 144.643184662 147.757385254
503 144.643184662 147.757385254
504 144.643184662 147.757385254
505 144.643184662 147.757385254
506 145.221874237 148.336074829
507 145.237514496 148.351715088
508 145.237514496 148.351715088
509 145.237514496 148.351715088
510 145.237291336 148.351715088
511 145.237291336 148.351715088
512 145.769060135 148.883483887
513 145.769060135 148.883483887
514 145.769060135 148.883483887
515 145.769060135 148.883483887
516 145.769060135 148.883483887
517 146.206987381 149.321411133
518 146.644914627 149.759338379
519 146.644914627 149.759338379
520 146.644914627 149.759338379
521 146.644914627 149.759338379
522 146.644914627 149.759338379
523 146.785676956 149.900100708
524 146.785676956 149.900100708
525 146.785676956 149.900100708
526 146.801317215 149.915740967
527 146.801317215 149.915740967
528 147.270524979 150.384948731
529 147.270524979 150.384948731
530 147.270524979 150.384948731
531 147.270524979 150.384948731
532 147.270524979 150.384948731
533 147.880495072 150.994918824
534 147.89613533 151.010559082
535 147.89613533 151.010559082
536 147.89613533 151.010559082
537 147.89613533 151.010559082
538 148.380983352 151.495407104
539 148.380983352 151.495407104
540 148.338228225 151.495407104
541 148.338228225 151.495407104
542 148.338228225 151.495407104
543 148.338228225 151.495407104
544 148.869997024 152.027175903
545 148.869997024 152.027175903
546 148.869997024 152.027175903
547 148.869997024 152.027175903
548 148.869997024 152.027175903
549 149.4486866 152.605865478
550 149.4486866 152.605865478
551 149.4486866 152.605865478
552 149.4486866 152.605865478
553 149.4486866 152.605865478
554 149.917894363 153.075073242
555 149.933534622 153.090713501
556 149.933534622 153.090713501
557 149.933534622 153.090713501
558 149.933534622 153.090713501
559 150.371461868 153.528640747
560 150.371461868 153.528640747
561 150.371461868 153.528640747
562 150.371461868 153.528640747
563 150.371461868 153.528640747
564 150.856309891 154.01348877
565 150.856309891 154.01348877
566 150.856309891 154.01348877
567 150.87195015 154.029129029
568 150.87195015 154.029129029
569 151.419359207 154.576538086
570 141.58172226 154.576538086
571 141.58172226 154.576538086
572 141.58172226 154.576538086
573 141.58172226 154.576538086
574 142.066570282 155.061386109
575 142.066570282 155.061386109
576 142.066570282 155.061386109
577 142.066570282 155.061386109
578 142.08221054 155.077026367
579 142.08221054 155.077026367
580 142.598339081 155.593154907
581 142.598339081 155.593154907
582 142.598339081 155.593154907
583 142.598339081 155.593154907
584 142.598339081 155.593154907
585 143.208309173 156.203125
586 143.286510468 156.281326294
587 143.286510468 156.281326294
588 143.286510468 156.281326294
589 143.286510468 156.281326294
590 143.286510468 156.281326294
591 143.77135849 156.766174317
592 143.77135849 156.766174317
593 143.77135849 156.766174317
594 143.77135849 156.766174317
595 143.786998748 156.781814575
596 143.786998748 156.781814575
597 144.396968841 157.391784668
598 144.396968841 157.391784668
599 144.396968841 157.391784668
600 144.396770477 157.391784668
601 144.396770477 157.391784668
602 144.396770477 157.391784668
603 144.928539276 157.923553466
604 144.928539276 157.923553466
605 144.928539276 157.923553466
606 144.944179535 157.939193725
607 144.944179535 157.939193725
608 145.554149628 158.549163818
609 145.554149628 158.549163818
610 145.554149628 158.549163818
611 145.554149628 158.549163818
612 145.554149628 158.549163818
613 145.554149628 158.549163818
614 145.960796356 158.955810547
615 145.960796356 158.955810547
616 145.960796356 158.955810547
617 145.960796356 158.955810547
618 145.960796356 158.955810547
619 146.445644379 159.440658569
620 146.445644379 159.440658569
621 146.445644379 159.440658569
622 146.461284638 159.456298828
623 146.461284638 159.456298828
624 146.977413178 159.972427368
625 146.977413178 159.972427368
626 146.977413178 159.972427368
627 146.977413178 159.972427368
628 146.977413178 159.972427368
629 147.618663788 160.613677978
630 143.990325928 160.629318237
631 143.990325928 160.629318237
632 143.990325928 160.629318237
633 143.990325928 160.629318237
634 143.990325928 160.629318237
635 144.522094727 161.161087036
636 144.522094727 161.161087036
637 144.522094727 161.161087036
638 144.522094727 161.161087036
639 144.522094727 161.161087036
640 144.522094727 161.161087036
641 145.026489258 161.665481568
642 145.026489258 161.665481568
643 145.026489258 161.665481568
644 145.026489258 161.665481568
645 145.026489258 161.665481568
646 145.542617798 162.181610108
647 145.542617798 162.181610108
648 145.542617798 162.181610108
649 145.558258057 162.197250367
650 145.558258057 162.197250367
651 145.558258057 162.197250367
652 145.996185303 162.635177613
653 145.996185303 162.635177613
654 145.996185303 162.635177613
655 145.996185303 162.635177613
656 145.996185303 162.635177613
657 146.481033326 163.120025635
658 146.481033326 163.120025635
659 146.481033326 163.120025635
660 146.496572495 163.135665893
661 146.496572495 163.135665893
662 147.058231354 163.683074951
663 147.058231354 163.683074951
664 147.058231354 163.683074951
665 147.058231354 163.683074951
666 147.058231354 163.683074951
667 147.605640412 164.230484008
668 147.605640412 164.230484008
669 147.605640412 164.230484008
670 147.605640412 164.230484008
671 147.605640412 164.230484008
672 147.605640412 164.230484008
673 148.246891022 164.871734619
674 148.246891022 164.871734619
675 148.246891022 164.871734619
676 148.262531281 164.887374878
677 148.262531281 164.887374878
678 148.747379303 165.3722229
679 148.763019561 165.387863159
680 148.763019561 165.387863159
681 148.763019561 165.387863159
682 148.763019561 165.387863159
683 148.763019561 165.387863159
684 149.341709137 165.966552734
685 149.341709137 165.966552734
686 149.341709137 165.966552734
687 149.341709137 165.966552734
688 149.357349396 165.982192993
689 149.357349396 165.982192993
690 146.009923935 166.498321533
691 146.009923935 166.498321533
692 146.009923935 166.498321533
693 146.009923935 166.498321533
694 146.009923935 166.498321533
695 146.400930405 166.889328003
696 146.400930405 166.889328003
697 146.400930405 166.889328003
698 146.400930405 166.889328003
699 146.400930405 166.889328003
700 146.917058944 167.405456543
701 146.917058944 167.405456543
702 146.917058944 167.405456543
703 146.917058944 167.405456543
704 146.917058944 167.405456543
705 147.667791366 168.156188965
706 147.714712143 168.203109742
707 147.714712143 168.203109742
708 147.714712143 168.203109742
709 147.714712143 168.203109742
710 147.714712143 168.203109742
711 148.27776146 168.766159058
712 148.27776146 168.766159058
713 148.27776146 168.766159058
714 148.293401719 168.781799316
715 148.293401719 168.781799316
716 148.856451035 169.344848632
717 148.856451035 169.344848632
718 148.856451035 169.344848632
719 148.856451035 169.344848632
720 148.855903625 169.344848632
721 149.559715271 170.048660278
722 149.590995788 170.079940795
723 149.590995788 170.079940795
724 149.590995788 170.079940795
725 149.590995788 170.079940795
726 150.169685363 170.658630371
727 150.185325622 170.67427063
728 150.185325622 170.67427063
729 150.185325622 170.67427063
730 150.185325622 170.67427063
731 150.795295715 171.284240722
732 150.795295715 171.284240722
733 150.795295715 171.284240722
734 150.795295715 171.284240722
735 150.795295715 171.284240722
736 151.420906067 171.909851074
737 151.420906067 171.909851074
738 151.420906067 171.909851074
739 151.420906067 171.909851074
740 151.420906067 171.909851074
741 152.006889343 172.488540649
742 152.006889343 172.488540649
743 152.022529602 172.504180908
744 152.022529602 172.504180908
745 152.022529602 172.504180908
746 152.8201828 173.301834106
747 152.8201828 173.301834106
748 152.8201828 173.301834106
749 152.8201828 173.301834106
750 152.820072174 173.301834106
751 153.445682526 173.927444458
752 153.476963044 173.958724976
753 153.476963044 173.958724976
754 153.476963044 173.958724976
755 153.476963044 173.958724976
756 154.086933136 174.568695068
757 154.086933136 174.568695068
758 154.086933136 174.568695068
759 154.086933136 174.568695068
760 154.086933136 174.568695068
761 154.790744782 175.272506714
762 154.790744782 175.272506714
763 154.790744782 175.272506714
764 154.790744782 175.272506714
765 154.790744782 175.272506714
766 155.400714875 175.882476807
767 155.416355133 175.898117066
768 155.416355133 175.898117066
769 155.416355133 175.898117066
770 155.416355133 175.898117066
771 156.104526519 176.586288453
772 156.104526519 176.586288453
773 156.104526519 176.586288453
774 156.104526519 176.586288453
775 156.104526519 176.586288453
776 156.808338165 177.290100098
777 156.839618682 177.321380616
778 156.839618682 177.321380616
779 156.839618682 177.321380616
780 156.839393615 177.321380616
781 157.656593322 178.138580323
782 157.68787384 178.16986084
783 157.68787384 178.16986084
784 157.68787384 178.16986084
785 157.68787384 178.16986084
786 158.172721863 178.654708862
787 158.219642639 178.701629639
788 158.219642639 178.701629639
789 158.219642639 178.701629639
790 158.219642639 178.701629639
791 159.032936096 179.514923096
792 159.048576355 179.530563354
793 159.048576355 179.530563354
794 159.048576355 179.530563354
795 159.048576355 179.530563354
796 159.048576355 179.530563354
797 159.533424377 180.015411377
798 159.549064636 180.031051636
799 159.549064636 180.031051636
800 159.549064636 180.031051636
801 159.549064636 180.031051636
802 160.249410629 180.719223022
803 160.265050888 180.734863281
804 160.265050888 180.734863281
805 160.265050888 180.734863281
806 160.265050888 180.734863281
807 161.01578331 181.485595703
808 161.047063828 181.516876221
809 161.047063828 181.516876221
810 161.04684639 181.516876221
811 161.04684639 181.516876221
812 161.04684639 181.516876221
813 161.672456741 182.142486572
814 161.672456741 182.142486572
815 161.672456741 182.142486572
816 161.672456741 182.142486572
817 161.672456741 182.142486572
818 162.247428894 182.705535889
819 162.325630188 182.783737183
820 162.325630188 182.783737183
821 162.325630188 182.783737183
822 162.325630188 182.783737183
823 162.904319764 183.362426758
824 162.904319764 183.362426758
825 162.904319764 183.362426758
826 162.904319764 183.362426758
827 162.904319764 183.362426758
828 163.623771668 184.081878662
829 163.623771668 184.081878662
830 163.623771668 184.081878662
831 163.623771668 184.081878662
832 163.623771668 184.081878662
833 164.218101502 184.676208496
834 164.249382019 184.707489013
835 164.249382019 184.707489013
836 164.249382019 184.707489013
837 164.249382019 184.707489013
838 164.849674225 185.301818847
839 164.849674225 185.301818847
840 153.112743378 185.301818847
841 153.112743378 185.301818847
842 153.112743378 185.301818847
843 153.660152435 185.849227905
844 153.707073212 185.896148681
845 153.707073212 185.896148681
846 153.707073212 185.896148681
847 153.707073212 185.896148681
848 154.317043304 186.506118774
849 154.317043304 186.506118774
850 154.317043304 186.506118774
851 154.332683563 186.521759033
852 154.332683563 186.521759033
853 155.036495209 187.225570679
854 155.03455925 187.20993042
855 155.03455925 187.20993042
856 155.03455925 187.20993042
857 155.03455925 187.20993042
858 155.638738632 187.788619995
859 155.638738632 187.788619995
860 155.638738632 187.788619995
861 155.638738632 187.788619995
862 155.638738632 187.788619995
863 155.638738632 187.788619995
864 156.217428208 188.36730957
865 156.217428208 188.36730957
866 156.233068467 188.382949829
867 156.233068467 188.382949829
868 156.936880112 189.086761475
869 156.96816063 189.118041992
870 154.510919571 189.118041992
871 154.510919571 189.118041992
872 154.510919571 189.118041992
873 154.510919571 189.118041992
874 155.230371476 189.837493897
875 155.230371476 189.837493897
876 155.230371476 189.837493897
877 155.230371476 189.837493897
878 155.230371476 189.837493897
879 155.789722443 190.384902954
880 155.789722443 190.384902954
881 155.789722443 190.384902954
882 155.789722443 190.384902954
883 155.789722443 190.384902954
884 156.460474015 191.041793824
885 156.460474015 191.041793824
886 156.460474015 191.041793824
887 156.460474015 191.041793824
888 156.460474015 191.041793824
889 157.085193634 191.651763916
890 157.085193634 191.651763916
891 157.085193634 191.651763916
892 157.100833892 191.667404174
893 157.100833892 191.667404174
894 157.789005279 192.355575561
895 157.789005279 192.355575561
896 157.789005279 192.355575561
897 157.789005279 192.355575561
898 157.789005279 192.355575561
899 158.492816925 193.059387207
900 155.846637726 193.106307984
901 155.846637726 193.106307984
902 155.846637726 193.106307984
903 155.846637726 193.106307984
904 155.846637726 193.106307984
905 156.413593293 193.67326355
906 156.413593293 193.67326355
907 156.413593293 193.67326355
908 156.413593293 193.67326355
909 156.413593293 193.67326355
910 156.990316391 194.236312866
911 156.990316391 194.236312866
912 156.990316391 194.236312866
913 156.990316391 194.236312866
914 157.678487777 194.924484252
915 157.678487777 194.924484252
916 157.678487777 194.924484252
917 157.678487777 194.924484252
918 157.694128036 194.940124511
919 158.273670196 195.503173828
920 158.273670196 195.503173828
921 158.273670196 195.503173828
922 158.273670196 195.503173828
923 158.273670196 195.503173828
924 158.961841583 196.191345215
925 158.961841583 196.191345215
926 158.961841583 196.191345215
927 158.961841583 196.191345215
928 158.961841583 196.191345215
929 159.618732452 196.848236084
930 159.617818832 196.848236084
931 159.617818832 196.848236084
932 159.633459091 196.863876343
933 159.633459091 196.863876343
934 160.302391052 197.520767212
935 160.302391052 197.520767212
936 160.302391052 197.520767212
937 160.302391052 197.520767212
938 160.302391052 197.520767212
939 160.928001404 198.146377563
940 160.928001404 198.146377563
941 160.928001404 198.146377563
942 160.928001404 198.146377563
943 160.928001404 198.146377563
944 161.579275131 198.787628174
945 161.579275131 198.787628174
946 161.579275131 198.787628174
947 161.59491539 198.803268433
948 161.59491539 198.803268433
949 162.183525086 199.381958008
950 162.199165344 199.397598267
951 162.199165344 199.397598267
952 162.199165344 199.397598267
953 162.199165344 199.397598267
954 162.90297699 200.101409912
955 162.90297699 200.101409912
956 162.90297699 200.101409912
957 162.90297699 200.101409912
958 162.90297699 200.101409912
959 163.575508118 200.77394104
960 158.249782562 200.77394104
961 158.249782562 200.77394104
962 158.265422821 200.789581299
963 158.265422821 200.789581299
964 158.873249054 201.383911133
965 158.888889313 201.399551392
966 158.888889313 201.399551392
967 158.888889313 201.399551392
968 158.888889313 201.399551392
969 158.888889313 201.399551392
970 159.602436066 202.087722778
971 159.602436066 202.087722778
972 159.602436066 202.087722778
973 159.602436066 202.087722778
974 159.602436066 202.087722778
975 160.209386826 202.682052612
976 160.209386826 202.682052612
977 160.209386826 202.682052612
978 160.209386826 202.682052612
979 160.209386826 202.682052612
980 160.788076401 203.260742187
981 160.803716659 203.276382446
982 160.803716659 203.276382446
983 160.803716659 203.276382446
984 160.803716659 203.276382446
985 161.628721237 204.089675903
986 161.628721237 204.089675903
987 161.628721237 204.089675903
988 161.628721237 204.089675903
989 161.644361496 204.105316162
990 161.644361496 204.105316162
991 162.410734176 204.871688843
992 162.408985138 204.856048584
993 162.408985138 204.856048584
994 162.408985138 204.856048584
995 162.408985138 204.856048584
996 162.408985138 204.856048584
997 163.016378403 205.450378418
998 163.016378403 205.450378418
999 163.016378403 205.450378418
1000 163.016378403 205.450378418
1001 163.032018662 205.466018677
1002 163.720190048 206.154190064
1003 163.720190048 206.154190064
1004 163.720190048 206.154190064
1005 163.720190048 206.154190064
1006 163.720190048 206.154190064
1007 164.3458004 206.779800415
1008 164.361440659 206.795440674
1009 164.361440659 206.795440674
1010 164.361440659 206.795440674
1011 164.361440659 206.795440674
1012 164.361440659 206.795440674
1013 165.085266113 207.499252319
1014 165.085266113 207.499252319
1015 165.085266113 207.499252319
1016 165.085266113 207.499252319
1017 165.100906372 207.514892578
1018 165.867279053 208.281265259
1019 165.867279053 208.281265259
1020 160.540529251 208.281265259
1021 160.540529251 208.281265259
1022 160.540529251 208.281265259
1023 160.540529251 208.281265259
1024 161.187623977 208.922515869
1025 161.203264236 208.938156127
1026 161.203264236 208.938156127
1027 161.203264236 208.938156127
1028 161.203264236 208.938156127
1029 162.001243591 209.724075317
1030 162.001243591 209.724075317
1031 162.001243591 209.724075317
1032 162.001243591 209.724075317
1033 162.01688385 209.739715576
1034 162.01688385 209.739715576
1035 162.642494202 210.365325927
1036 162.642494202 210.365325927
1037 162.642494202 210.365325927
1038 162.642494202 210.365325927
1039 162.642494202 210.365325927
1040 162.642494202 210.365325927
1041 163.31502533 211.037857055
1042 163.31502533 211.037857055
1043 163.31502533 211.037857055
1044 163.31502533 211.037857055
1045 163.330665589 211.053497314
1046 164.027997971 211.741668701
1047 164.027997971 211.741668701
1048 164.027997971 211.741668701
1049 164.027997971 211.741668701
1050 164.027414322 211.741668701
1051 164.027414322 211.741668701
1052 164.606103897 212.320358276
1053 164.606103897 212.320358276
1054 164.606103897 212.320358276
1055 164.606103897 212.320358276
1056 164.606103897 212.320358276
1057 165.284582138 212.977249145
1058 165.284582138 212.977249145
1059 165.284582138 212.977249145
1060 165.300222397 212.992889404
1061 165.300222397 212.992889404
1062 165.888629914 213.57157898
1063 165.888629914 213.57157898
1064 165.888629914 213.57157898
1065 165.888629914 213.57157898
1066 165.888629914 213.57157898
1067 165.888629914 213.57157898
1068 166.476388931 214.150268555
1069 166.476388931 214.150268555
1070 166.476388931 214.150268555
1071 166.476388931 214.150268555
1072 166.476388931 214.150268555
1073 167.304920197 214.963562012
1074 167.304920197 214.963562012
1075 167.304920197 214.963562012
1076 167.320560456 214.979202271
1077 167.320560456 214.979202271
1078 167.320560456 214.979202271
1079 167.9553051 215.604812622
1080 162.573360443 215.604812622
1081 162.573360443 215.604812622
1082 162.573360443 215.604812622
1083 162.573360443 215.604812622
1084 163.26153183 216.292984009
1085 163.715099334 216.746551514
1086 163.715099334 216.746551514
1087 163.715099334 216.746551514
1088 163.730739593 216.762191772
1089 163.730739593 216.762191772
1090 163.871501923 216.902954101
1091 163.871501923 216.902954101
1092 163.871501923 216.902954101
1093 163.871501923 216.902954101
1094 163.871501923 216.902954101
1095 164.590953827 217.622406005
1096 164.590953827 217.622406005
1097 164.590953827 217.622406005
1098 164.590953827 217.622406005
1099 164.590953827 217.622406005
1100 164.590953827 217.622406005
1101 165.173938751 218.201095581
1102 165.173938751 218.201095581
1103 165.173938751 218.201095581
1104 165.18957901 218.21673584
1105 165.18957901 218.21673584
1106 165.761907578 218.779785156
1107 165.748435974 218.764144897
1108 165.748435974 218.764144897
1109 165.748435974 218.764144897
1110 165.747955322 218.764144897
1111 166.483047485 219.49923706
1112 166.498687744 219.514877319
1113 166.498687744 219.514877319
1114 166.498687744 219.514877319
1115 166.514328003 219.530517578
1116 167.061832428 220.077926636
1117 167.061832428 220.077926636
1118 167.061832428 220.077926636
1119 167.061832428 220.077926636
1120 167.061832428 220.077926636
1121 167.061832428 220.077926636
1122 167.718723298 220.734817505
1123 167.718723298 220.734817505
1124 167.718723298 220.734817505
1125 167.718723298 220.734817505
1126 167.718723298 220.734817505
1127 168.311450959 221.297866822
1128 168.311450959 221.297866822
1129 168.311450959 221.297866822
1130 168.327091217 221.313507081
1131 168.327091217 221.313507081
1132 169.053373336 222.032958985
1133 169.063646316 222.032958984
1134 169.063646316 222.032958984
1135 169.063646316 222.032958984
1136 169.063646316 222.032958984
1137 169.063646316 222.032958984
1138 169.6673069 222.611648559
1139 169.6673069 222.611648559
1140 169.666891098 222.611648559
1141 169.666891098 222.611648559
1142 169.666891098 222.611648559
1143 170.446046829 223.37802124
1144 170.477327347 223.409301758
1145 170.477327347 223.409301758
1146 170.477327347 223.409301758
1147 170.477327347 223.409301758
1148 170.477327347 223.409301758
1149 171.071657181 224.003631592
1150 171.071657181 224.003631592
1151 171.071657181 224.003631592
1152 171.071657181 224.003631592
1153 171.071657181 224.003631592
1154 171.67621994 224.597961426
1155 171.67621994 224.597961426
1156 171.67621994 224.597961426
1157 171.67621994 224.597961426
1158 171.691860198 224.613601685
1159 172.315504074 225.223571778
1160 172.331144332 225.239212036
1161 172.331144332 225.239212036
1162 172.331144332 225.239212036
1163 172.331144332 225.239212036
1164 173.038862228 225.946929932
1165 173.054502487 225.962570191
1166 173.054502487 225.962570191
1167 173.054502487 225.962570191
1168 173.054502487 225.962570191
1169 173.054502487 225.962570191
1170 165.161640168 226.6038208
1171 165.161640168 226.6038208
1172 165.161640168 226.6038208
1173 165.161640168 226.6038208
1174 165.161640168 226.6038208
1175 165.77161026 227.213790893
1176 165.77161026 227.213790893
1177 165.77161026 227.213790893
1178 165.77161026 227.213790893
1179 165.77161026 227.213790893
1180 165.77161026 227.213790893
1181 166.354524613 227.77684021
1182 166.354524613 227.77684021
1183 166.354524613 227.77684021
1184 166.354524613 227.77684021
1185 166.354524613 227.77684021
1186 167.122426987 228.511932373
1187 167.138067245 228.527572632
1188 167.138067245 228.527572632
1189 167.138067245 228.527572632
1190 167.138067245 228.527572632
1191 167.138067245 228.527572632
1192 167.765277862 229.137542725
1193 167.765277862 229.137542725
1194 167.765277862 229.137542725
1195 167.765277862 229.137542725
1196 167.765277862 229.137542725
1197 168.299926758 229.638031006
1198 168.299926758 229.638031006
1199 168.299926758 229.638031006
1200 168.299472809 229.638031006
1201 168.299472809 229.638031006
1202 168.971086502 230.294921875
1203 169.00236702 230.326202393
1204 169.00236702 230.326202393
1205 169.00236702 230.326202393
1206 169.00236702 230.326202393
1207 169.553682327 230.873611451
1208 169.553682327 230.873611451
1209 169.553682327 230.873611451
1210 169.553682327 230.873611451
1211 169.553682327 230.873611451
1212 170.265369415 231.561782837
1213 170.265369415 231.561782837
1214 170.265369415 231.561782837
1215 170.265369415 231.561782837
1216 170.281009674 231.577423095
1217 170.281009674 231.577423095
1218 171.697336197 232.985046386
1219 171.697336197 232.985046386
1220 171.697336197 232.985046386
1221 171.697336197 232.985046386
1222 171.697336197 232.985046386
1223 171.712976456 233.000686645
1224 171.706932068 232.985046386
1225 171.706932068 232.985046386
1226 171.706932068 232.985046386
1227 171.706932068 232.985046386
1228 172.129219056 233.407333374
1229 172.129219056 233.407333374
1230 166.627965927 233.407333374
1231 166.627965927 233.407333374
1232 166.643606186 233.422973633
1233 167.222295762 234.001663208
1234 167.221748353 233.986022949
1235 167.221748353 233.986022949
1236 167.221748353 233.986022949
1237 167.221748353 233.986022949
1238 168.049596787 234.799316406
1239 168.048812867 234.783676147
1240 168.048812867 234.783676147
1241 168.048812867 234.783676147
1242 168.048812867 234.783676147
1243 168.048812867 234.783676147
1244 168.551950455 235.26852417
1245 168.567590714 235.284164429
1246 168.567590714 235.284164429
1247 168.583230972 235.299804688
1248 168.583230972 235.299804688
1249 168.583230972 235.299804688
1250 169.257562637 235.941055297
1251 169.257562637 235.941055297
1252 169.257562637 235.941055297
1253 169.257562637 235.941055297
1254 169.257562637 235.941055297
1255 169.785402298 236.441543579
1256 169.785402298 236.441543579
1257 169.785402298 236.441543579
1258 169.785402298 236.441543579
1259 169.801042557 236.457183838
1260 167.530704499 237.254837036
1261 167.530704499 237.254837036
1262 167.530704499 237.254837036
1263 167.530704499 237.254837036
1264 167.530704499 237.254837036
1265 167.530704499 237.254837036
1266 168.187595368 237.911727905
1267 168.343997956 238.068130493
1268 168.343997956 238.068130493
1269 168.343997956 238.068130493
1270 168.343997956 238.068130493
1271 168.343997956 238.068130493
1272 168.868009567 238.552978516
1273 168.868009567 238.552978516
1274 168.868009567 238.552978516
1275 168.883649826 238.568618775
1276 168.883649826 238.568618775
1277 169.620941162 239.27243042
1278 169.620941162 239.27243042
1279 169.620941162 239.27243042
1280 169.620941162 239.27243042
1281 169.620941162 239.27243042
1282 169.620941162 239.27243042
1283 170.307146072 239.944961548
1284 170.307146072 239.944961548
1285 170.307146072 239.944961548
1286 170.307146072 239.944961548
1287 170.307146072 239.944961548
1288 170.881916046 240.508010864
1289 170.881916046 240.508010864
1290 170.880506516 240.508010864
1291 170.896146774 240.523651123
1292 170.896146774 240.523651123
1293 171.53212738 241.121887207
1294 171.53212738 241.121887207
1295 171.53212738 241.121887207
1296 171.53212738 241.121887207
1297 171.53212738 241.121887207
1298 172.275711059 241.841339112
1299 172.289880752 241.841339111
1300 172.289880752 241.841339111
1301 172.289880752 241.841339111
1302 172.289880752 241.841339111
1303 172.289880752 241.841339111
1304 172.917884826 242.451309204
1305 172.909151077 242.404388427
1306 172.909151077 242.404388427
1307 172.909151077 242.404388427
1308 172.909151077 242.404388427
1309 173.487840652 242.983078003
1310 173.503480911 242.998718262
1311 173.503480911 242.998718262
1312 173.503480911 242.998718262
1313 173.503480911 242.998718262
1314 173.503480911 242.998718262
1315 174.29057312 243.718170166
1316 174.29057312 243.718170166
1317 174.29057312 243.718170166
1318 174.306213379 243.733810425
1319 174.306213379 243.733810425
1320 169.095207215 244.484542847
1321 169.093629837 244.43762207
1322 169.093629837 244.43762207
1323 169.093629837 244.43762207
1324 169.093629837 244.43762207
1325 169.093629837 244.43762207
1326 169.093629837 244.43762207
1327 169.857910157 245.141433716
1328 169.857910157 245.141433716
1329 169.857910157 245.141433716
1330 169.857910157 245.141433716
1331 169.857910157 245.141433716
1332 169.857910157 245.141433716
1333 170.467880249 245.751403809
1334 170.456140519 245.73576355
1335 170.456140519 245.73576355
1336 170.471780777 245.751403809
1337 170.471780777 245.751403809
1338 170.471780777 245.751403809
1339 171.10930252 246.377014161
1340 171.10930252 246.377014161
1341 171.10930252 246.377014161
1342 171.10930252 246.377014161
1343 171.10930252 246.377014161
1344 171.10930252 246.377014161
1345 171.813114166 247.080825806
1346 171.813114166 247.080825806
1347 171.813114166 247.080825806
1348 171.813114166 247.080825806
1349 171.828754425 247.096466064
1350 171.828754425 247.096466064
1351 171.828754425 247.096466064
1352 172.610767364 247.878479004
1353 172.620172501 247.878479004
1354 172.620172501 247.878479004
1355 172.620172501 247.878479004
1356 172.620172501 247.878479004
1357 172.620172501 247.878479004
1358 172.620172501 247.878479004
1359 173.248041153 248.488449097
1360 173.235563278 248.472808838
1361 173.235563278 248.472808838
1362 173.235563278 248.472808838
1363 173.235563278 248.472808838
1364 173.235563278 248.472808838
1365 173.235563278 248.472808838
1366 174.006856918 249.239181518
1367 174.006175995 249.22354126
1368 174.006175995 249.22354126
1369 174.006175995 249.22354126
1370 174.021816254 249.239181519
1371 174.021816254 249.239181519
1372 174.021816254 249.239181519
1373 174.783760071 249.974273682
1374 174.79102707 249.974273682
1375 174.79102707 249.974273682
1376 174.79102707 249.974273682
1377 174.79102707 249.974273682
1378 174.79102707 249.974273682
1379 174.79102707 249.974273682
1380 174.79102707 249.974273682
1381 175.428552628 250.568603516
1382 175.428552628 250.568603516
1383 175.428552628 250.568603516
1384 175.428552628 250.568603516
1385 175.444192886 250.584243774
1386 175.444192886 250.584243774
1387 175.444192886 250.584243774
1388 176.328485489 251.444458007
1389 176.343917847 251.444458008
1390 176.343917847 251.444458008
1391 176.343917847 251.444458008
1392 176.343917847 251.444458008
1393 176.343917847 251.444458008
1394 176.343917847 251.444458008
1395 176.343917847 251.444458008
1396 177.145210266 252.226470947
1397 177.175951004 252.242111206
1398 177.175951004 252.242111206
1399 177.175951004 252.242111206
1400 177.175951004 252.242111206
1401 177.191591263 252.257751465
1402 177.191591263 252.257751465
1403 177.191591263 252.257751465
1404 178.064756394 253.086685181
1405 178.045316696 253.039764404
1406 178.045316696 253.039764404
1407 178.045316696 253.039764404
1408 178.045316696 253.039764404
1409 178.045316696 253.039764404
1410 178.045316696 253.039764404
1411 178.045316696 253.039764404
1412 178.936254501 253.899978638
1413 179.584600449 254.525588989
1414 179.584600449 254.525588989
1415 179.584600449 254.525588989
1416 179.584600449 254.525588989
1417 179.584600449 254.525588989
1418 179.600240708 254.541229248
1419 179.600240708 254.541229248
1420 179.600240708 254.541229248
1421 179.751745224 254.666351319
1422 179.751745224 254.666351319
1423 179.751745224 254.666351319
1424 179.751745224 254.666351319
1425 179.751745224 254.666351319
1426 179.751745224 254.666351319
1427 179.751745224 254.666351319
1428 179.751745224 254.666351319
1429 179.751745224 254.666351319
1430 180.831222535 255.714248657
1431 180.846862793 255.729888916
1432 180.846862793 255.729888916
1433 180.846862793 255.729888916
1434 180.846862793 255.729888916
1435 180.862503052 255.745529174
1436 180.862503052 255.745529174
1437 180.862503052 255.745529174
1438 181.61507225 256.468887329
1439 181.600732803 256.390686035
1440 170.67911148 256.390686035
1441 170.67911148 256.390686035
1442 170.67911148 256.390686035
1443 170.67911148 256.390686035
1444 170.67911148 256.390686035
1445 170.67911148 256.390686035
1446 170.67911148 256.390686035
1447 171.34799385 257.031936645
1448 171.42467308 257.078857422
1449 171.42467308 257.078857422
1450 171.42467308 257.078857422
1451 171.42467308 257.078857422
1452 171.42467308 257.078857422
1453 171.42467308 257.078857422
1454 171.42467308 257.078857422
1455 172.260442734 257.907791138
1456 172.257822037 257.87651062
1457 172.257822037 257.87651062
1458 172.257822037 257.87651062
1459 172.273462296 257.892150879
1460 172.273462296 257.892150879
1461 172.273462296 257.892150879
1462 172.273462296 257.892150879
1463 172.273462296 257.892150879
1464 173.060829163 258.627243042
1465 173.057653427 258.611602783
1466 173.057653427 258.611602783
1467 173.057653427 258.611602783
1468 173.057653427 258.611602783
1469 173.057653427 258.611602783
1470 173.057653427 258.611602783
1471 173.057653427 258.611602783
1472 173.783882141 259.29977417
1473 174.312713623 259.768981934
1474 174.312713623 259.768981934
1475 174.312713623 259.768981934
1476 174.312713623 259.768981934
1477 174.312713623 259.768981934
1478 174.312713623 259.768981934
1479 174.312713623 259.768981934
1480 174.562957764 260.019226074
1481 174.553964615 259.956665039
1482 174.553964615 259.956665039
1483 174.553964615 259.956665039
1484 174.553964615 259.956665039
1485 174.553964615 259.956665039
1486 174.553964615 259.956665039
1487 174.553964615 259.956665039
1488 175.897789002 261.286087036
1489 175.912025451 261.270446778
1490 175.912025451 261.270446778
1491 175.912025451 261.270446778
1492 175.92766571 261.286087036
1493 175.92766571 261.286087036
1494 175.92766571 261.286087036
1495 175.92766571 261.286087036
1496 176.697547912 262.00553894
1497 176.695484161 261.974258423
1498 176.695484161 261.974258423
1499 176.695484161 261.974258423
1500 176.692596435 261.974258423
1501 176.692596435 261.974258423
1502 176.692596435 261.974258423
1503 176.692596435 261.974258423
1504 176.692596435 261.974258423
1505 176.950035095 262.208862304
1506 176.947809219 262.161941528
1507 176.947809219 262.161941528
1508 176.947809219 262.161941528
1509 176.947809219 262.161941528
1510 176.963449478 262.177581787
1511 176.963449478 262.177581787
1512 176.963449478 262.177581787
1513 176.963449478 262.177581787
1514 177.793869018 262.975234985
1515 177.809509277 262.990875244
1516 177.809509277 262.990875244
1517 177.809509277 262.990875244
1518 177.809509277 262.990875244
1519 177.809509277 262.990875244
1520 177.809509277 262.990875244
1521 177.809509277 262.990875244
1522 178.547145843 263.710327149
1523 178.52573967 263.663406372
1524 178.541379929 263.679046631
1525 178.541379929 263.679046631
1526 178.541379929 263.679046631
1527 178.557020188 263.69468689
1528 178.557020188 263.69468689
1529 178.557020188 263.69468689
1530 178.557020188 263.69468689
1531 179.283981324 264.367218018
1532 179.283981324 264.367218018
1533 179.283981324 264.367218018
1534 179.283981324 264.367218018
1535 179.283981324 264.367218018
1536 179.283981324 264.367218018
1537 179.283981324 264.367218018
1538 179.90490532 264.961547852
1539 179.90490532 264.961547852
1540 179.90490532 264.961547852
1541 179.90490532 264.961547852
1542 179.920545578 264.97718811
1543 179.920545578 264.97718811
1544 179.920545578 264.97718811
1545 180.703704834 265.727920532
1546 180.700090408 265.712280273
1547 180.700090408 265.712280273
1548 180.700090408 265.712280273
1549 180.700090408 265.712280273
1550 180.700090408 265.712280273
1551 180.700090408 265.712280273
1552 180.700090408 265.712280273
1553 180.700090408 265.712280273
1554 181.503503799 266.478652954
1555 181.519126892 266.478652954
1556 181.519126892 266.478652954
1557 181.519126892 266.478652954
1558 181.519126892 266.478652954
1559 181.519126892 266.478652954
1560 181.519126892 266.478652954
1561 181.519126892 266.478652954
1562 182.309091568 267.213745117
1563 182.290893555 267.166824341
1564 182.290893555 267.166824341
1565 182.290893555 267.166824341
1566 182.290893555 267.166824341
1567 182.290893555 267.166824341
1568 182.290893555 267.166824341
1569 182.290893555 267.166824341
1570 183.036741257 267.870635986
1571 183.036741257 267.870635986
1572 183.036741257 267.870635986
1573 183.036741257 267.870635986
1574 183.036741257 267.870635986
1575 183.052381516 267.886276245
1576 183.052381516 267.886276245
1577 183.052381516 267.886276245
1578 183.848861695 268.637008667
1579 183.839122773 268.590087891
1580 183.839122773 268.590087891
1581 183.839122773 268.590087891
1582 183.839122773 268.590087891
1583 183.839122773 268.590087891
1584 183.839122773 268.590087891
1585 183.839122773 268.590087891
1586 183.839122773 268.590087891
1587 185.571306229 270.201034546
1588 185.586946487 270.216674805
1589 185.586946487 270.216674805
1590 185.584068298 270.216674805
1591 185.584068298 270.216674805
1592 185.584068298 270.216674805
1593 185.584068298 270.216674805
1594 185.584068298 270.216674805
1595 185.546848297 270.122833252
1596 185.557628631 270.122833252
1597 185.557628631 270.122833252
1598 185.557628631 270.122833252
1599 185.557628631 270.122833252
1600 185.557628631 270.122833252
1601 185.557628631 270.122833252
1602 185.557628631 270.122833252
1603 186.133354187 270.642868042
1604 186.133354187 270.642868042
1605 186.133354187 270.642868042
1606 186.133354187 270.642868042
1607 186.133354187 270.642868042
1608 186.133354187 270.642868042
1609 186.133354187 270.642868042
1610 186.133354187 270.642868042
1611 187.078823089 271.471801757
1612 187.10021019 271.456161499
1613 187.10021019 271.456161499
1614 187.10021019 271.456161499
1615 187.10021019 271.456161499
1616 187.10021019 271.456161499
1617 187.10021019 271.456161499
1618 187.10021019 271.456161499
1619 187.10021019 271.456161499
1620 172.79259491 272.206893921
1621 172.79259491 272.206893921
1622 172.79259491 272.206893921
1623 172.79259491 272.206893921
1624 172.79259491 272.206893921
1625 172.79259491 272.206893921
1626 172.79259491 272.206893921
1627 172.79259491 272.206893921
1628 172.79259491 272.206893921
1629 173.415376663 272.73866272
1630 173.415376663 272.73866272
1631 173.415376663 272.73866272
1632 173.415376663 272.73866272
1633 173.415376663 272.73866272
1634 173.415376663 272.73866272
1635 173.415376663 272.73866272
1636 174.271778106 273.520675659
1637 174.974977493 274.177566529
1638 174.974977493 274.177566529
1639 174.974977493 274.177566529
1640 174.974977493 274.177566529
1641 174.974977493 274.177566529
1642 174.974977493 274.177566529
1643 174.974977493 274.177566529
1644 175.758405685 274.912658692
1645 175.768119812 274.897018433
1646 175.779809952 274.897018433
1647 175.779809952 274.897018433
1648 175.779809952 274.897018433
1649 175.779809952 274.897018433
1650 175.776912689 274.897018433
1651 175.776912689 274.897018433
1652 175.776912689 274.897018433
1653 175.843158721 274.865737915
1654 175.850969314 274.834457397
1655 175.850969314 274.834457397
1656 175.850969314 274.834457397
1657 175.850969314 274.834457397
1658 175.850969314 274.834457397
1659 175.850969314 274.834457397
1660 175.850969314 274.834457397
1661 176.641508102 275.585189819
1662 176.655265808 275.585189819
1663 176.655265808 275.585189819
1664 176.655265808 275.585189819
1665 176.655265808 275.585189819
1666 176.670906067 275.600830078
1667 176.670906067 275.600830078
1668 176.670906067 275.600830078
1669 177.466985702 276.335922241
1670 177.446401596 276.273361206
1671 177.446401596 276.273361206
1672 177.446401596 276.273361206
1673 177.446401596 276.273361206
1674 177.446401596 276.273361206
1675 177.446401596 276.273361206
1676 177.446401596 276.273361206
1677 178.14686203 276.930252075
1678 178.141330719 276.883331299
1679 178.156970978 276.898971558
1680 178.155477524 276.898971558
1681 178.155477524 276.898971558
1682 178.171117783 276.914611817
1683 178.171117783 276.914611817
1684 178.171117783 276.914611817
1685 178.920099259 277.587142945
1686 178.909648896 277.555862427
1687 178.909648896 277.555862427
1688 178.909648896 277.555862427
1689 178.909648896 277.555862427
1690 178.909648896 277.555862427
1691 178.909648896 277.555862427
1692 178.909648896 277.555862427
1693 179.697439194 278.212753296
1694 179.686698914 278.16583252
1695 179.686698914 278.16583252
1696 179.686698914 278.16583252
1697 179.686698914 278.16583252
1698 179.686698914 278.16583252
1699 179.686698914 278.16583252
1700 179.686698914 278.16583252
1701 179.686698914 278.16583252
1702 181.173929214 279.510894776
1703 181.173929214 279.510894776
1704 181.173929214 279.510894776
1705 181.173929214 279.510894776
1706 181.173929214 279.510894776
1707 181.173929214 279.510894776
1708 181.173929214 279.510894776
1709 181.173929214 279.510894776
1710 173.397090911 279.542175293
1711 173.395755767 279.510894776
1712 173.395755767 279.510894776
1713 173.395755767 279.510894776
1714 173.395755767 279.510894776
1715 173.395755767 279.510894776
1716 173.395755767 279.510894776
1717 173.395755767 279.510894776
1718 174.116476059 280.183425904
1719 174.125961303 280.152145385
1720 174.125961303 280.152145385
1721 174.125961303 280.152145385
1722 174.141601562 280.167785644
1723 174.141601562 280.167785644
1724 174.141601562 280.167785644
1725 174.141601562 280.167785644
1726 175.051553726 280.99671936
1727 175.095363617 281.012359619
1728 175.095363617 281.012359619
1729 175.095363617 281.012359619
1730 175.095363617 281.012359619
1731 175.095363617 281.012359619
1732 175.095363617 281.012359619
1733 175.095363617 281.012359619
1734 175.920228958 281.794372558
1735 175.912124633 281.731811523
1736 175.912124633 281.731811523
1737 175.912124633 281.731811523
1738 175.912124633 281.731811523
1739 175.927764892 281.747451782
1740 175.922727584 281.747451782
1741 175.922727584 281.747451782
1742 175.922727584 281.747451782
1743 176.649869918 282.341781616
1744 176.649869918 282.341781616
1745 176.649869918 282.341781616
1746 176.649869918 282.341781616
1747 176.649869918 282.341781616
1748 176.649869918 282.341781616
1749 176.649869918 282.341781616
1750 176.649869918 282.341781616
1751 177.511457443 283.123794555
1752 177.510726928 283.076873779
1753 177.510726928 283.076873779
1754 177.510726928 283.076873779
1755 177.510726928 283.076873779
1756 177.526367187 283.092514038
1757 177.526367187 283.092514038
1758 177.526367187 283.092514038
1759 177.526367187 283.092514038
1760 178.350591659 283.815872192
1761 178.350591659 283.815872192
1762 178.350591659 283.815872192
1763 178.350591659 283.815872192
1764 178.350591659 283.815872192
1765 178.350591659 283.815872192
1766 178.350591659 283.815872192
1767 178.350591659 283.815872192
1768 178.350591659 283.815872192
1769 179.686458587 285.129653931
1770 174.308275223 285.129653931
1771 174.308275223 285.129653931
1772 174.308275223 285.129653931
1773 174.323915482 285.14529419
1774 174.323915482 285.14529419
1775 174.323915482 285.14529419
1776 174.323915482 285.14529419
1777 175.097227097 285.896026611
1778 175.07783699 285.833465576
1779 175.07783699 285.833465576
1780 175.07783699 285.833465576
1781 175.07783699 285.833465576
1782 175.07783699 285.833465576
1783 175.07783699 285.833465576
1784 175.07783699 285.833465576
1785 175.934333801 286.678039551
1786 175.926984787 286.584197998
1787 175.926984787 286.584197998
1788 175.926984787 286.584197998
1789 175.926984787 286.584197998
1790 175.942625046 286.599838257
1791 175.942625046 286.599838257
1792 175.942625046 286.599838257
1793 175.942625046 286.599838257
1794 176.786281586 287.33493042
1795 176.780042649 287.256729126
1796 176.780042649 287.256729126
1797 176.780042649 287.256729126
1798 176.780042649 287.256729126
1799 176.780042649 287.256729126
1800 176.780042649 287.256729126
1801 176.780042649 287.256729126
1802 176.966955185 287.366210938
1803 176.966199875 287.319290161
1804 176.966199875 287.319290161
1805 176.966199875 287.319290161
1806 176.966199875 287.319290161
1807 176.981840133 287.33493042
1808 176.981840133 287.33493042
1809 176.981840133 287.33493042
1810 177.751413345 288.023101806
1811 177.751413345 288.023101806
1812 177.751413345 288.023101806
1813 177.751413345 288.023101806
1814 177.751413345 288.023101806
1815 177.751413345 288.023101806
1816 177.751413345 288.023101806
1817 177.751413345 288.023101806
1818 178.623460769 288.789474487
1819 178.603874206 288.648712158
1820 178.595535278 288.633071899
1821 178.595535278 288.633071899
1822 178.595535278 288.633071899
1823 178.595535278 288.633071899
1824 178.611175537 288.648712158
1825 178.611175537 288.648712158
1826 178.611175537 288.648712158
1827 179.441614151 289.430725098
1828 179.426734924 289.336883545
1829 179.426734924 289.336883545
1830 179.422027588 289.336883545
1831 179.422027588 289.336883545
1832 179.422027588 289.336883545
1833 179.422027588 289.336883545
1834 179.422027588 289.336883545
1835 179.422027588 289.336883545
1836 180.604856491 290.494262695
1837 180.592529297 290.400421143
1838 180.592529297 290.400421143
1839 180.592529297 290.400421143
1840 180.592529297 290.400421143
1841 180.592529297 290.400421143
1842 180.608169556 290.416061402
1843 180.608169556 290.416061402
1844 180.608169556 290.416061402
1845 180.608169556 290.416061402
1846 181.421474457 291.119873047
1847 181.421474457 291.119873047
1848 181.421474457 291.119873047
1849 181.421474457 291.119873047
1850 181.421474457 291.119873047
1851 181.421474457 291.119873047
1852 181.421474457 291.119873047
1853 181.421474457 291.119873047
1854 181.421474457 291.119873047
1855 182.012794495 291.573440552
1856 182.028203964 291.573440552
1857 182.028203964 291.573440552
1858 182.028203964 291.573440552
1859 182.028203964 291.573440552
1860 182.042369843 291.58908081
1861 182.042369843 291.58908081
1862 182.042369843 291.58908081
1863 182.042369843 291.58908081
1864 182.925693512 292.324172973
1865 182.925693512 292.324172973
1866 182.925693512 292.324172973
1867 182.925693512 292.324172973
1868 182.925693512 292.324172973
1869 182.925693512 292.324172973
1870 182.925693512 292.324172973
1871 182.925693512 292.324172973
1872 183.63719368 292.981063842
1873 183.632011414 292.918502807
1874 183.647651672 292.934143066
1875 183.647651672 292.934143066
1876 183.647651672 292.934143066
1877 183.647651672 292.934143066
1878 183.663291931 292.949783325
1879 183.663291931 292.949783325
1880 183.663291931 292.949783325
1881 184.456752777 293.684875488
1882 184.456752777 293.684875488
1883 184.456752777 293.684875488
1884 184.456752777 293.684875488
1885 184.456752777 293.684875488
1886 184.456752777 293.684875488
1887 184.456752777 293.684875488
1888 184.456752777 293.684875488
1889 185.258846283 294.388687134
1890 174.897163392 294.373046875
1891 174.897163392 294.373046875
1892 174.897163392 294.373046875
1893 174.897163392 294.373046875
1894 174.91280365 294.388687134
1895 174.91280365 294.388687134
1896 174.91280365 294.388687134
1897 175.782129287 295.170700073
1898 175.778102874 295.155059815
1899 175.778102874 295.155059815
1900 175.778102874 295.155059815
1901 175.778102874 295.155059815
1902 175.778102874 295.155059815
1903 175.778102874 295.155059815
1904 175.778102874 295.155059815
1905 176.391929626 295.655548096
1906 176.374555587 295.592987061
1907 176.390195846 295.60862732
1908 176.390195846 295.60862732
1909 176.390195846 295.60862732
1910 176.390195846 295.60862732
1911 176.390195846 295.60862732
1912 176.390195846 295.60862732
1913 176.390195846 295.60862732
1914 177.236335754 296.375
1915 177.236335754 296.375
1916 177.236335754 296.375
1917 177.236335754 296.375
1918 177.251976013 296.390640258
1919 177.251976013 296.390640258
1920 177.251976013 296.390640258
1921 177.251976013 296.390640258
1922 178.106372833 297.176559448
1923 178.103839874 297.160919189
1924 178.103839874 297.160919189
1925 178.103839874 297.160919189
1926 178.103839874 297.160919189
1927 178.103839874 297.160919189
1928 178.103839874 297.160919189
1929 178.103839874 297.160919189
1930 178.777732849 297.755249023
1931 178.804822922 297.770889282
1932 178.804822922 297.770889282
1933 178.804822922 297.770889282
1934 178.820463181 297.786529541
1935 178.820463181 297.786529541
1936 178.820463181 297.786529541
1937 178.820463181 297.786529541
1938 178.820463181 297.786529541
1939 179.462408066 298.287017822
1940 179.4623909 298.271377563
1941 179.4623909 298.271377563
1942 179.4623909 298.271377563
1943 179.4623909 298.271377563
1944 179.4623909 298.271377563
1945 174.871778488 298.287017822
