341 129.943218231 130.033065796
342 129.943218231 130.033065796
343 129.943218231 130.033065796
344 129.943218231 130.033065796
345 129.943218231 130.033065796
346 129.943218231 130.033065796
347 129.943218231 130.033065796
348 129.943218231 130.033065796
349 129.943218231 130.033065796
350 129.943218231 130.033065796
351 129.943218231 130.033065796
352 133.509197235 133.5990448
353 133.524837494 133.614685059
354 133.524837494 133.614685059
355 133.540477753 133.630325318
356 133.540477753 133.630325318
357 133.540477753 133.630325318
358 133.540477753 133.630325318
359 133.540477753 133.630325318
360 133.500587464 133.630325318
361 133.500587464 133.630325318
362 133.500587464 133.630325318
363 133.500587464 133.630325318
364 133.500587464 133.630325318
365 133.500587464 133.630325318
366 133.500587464 133.630325318
367 133.500587464 133.630325318
368 133.500587464 133.630325318
369 133.500587464 133.630325318
370 133.500587464 133.630325318
371 134.141838074 134.271575928
372 135.36177826 135.491516114
373 135.36177826 135.491516114
374 135.36177826 135.491516114
375 135.36177826 135.491516114
376 135.36177826 135.491516114
377 135.36177826 135.491516114
378 135.36177826 135.491516114
379 135.36177826 135.491516114
380 135.36177826 135.491516114
381 135.36177826 135.491516114
382 135.36177826 135.491516114
383 135.36177826 135.491516114
384 135.36177826 135.491516114
385 135.36177826 135.491516114
386 135.36177826 135.491516114
387 137.066566468 137.196304322
388 137.082206726 137.21194458
389 137.113487244 137.243225098
390 131.06650734 137.243225098
391 131.06650734 137.243225098
392 131.06650734 137.243225098
393 131.06650734 137.243225098
394 131.06650734 137.243225098
395 131.06650734 137.243225098
396 131.06650734 137.243225098
397 131.06650734 137.243225098
398 131.06650734 137.243225098
399 131.06650734 137.243225098
400 131.848520279 138.025238037
401 131.848520279 138.025238037
402 131.848520279 138.025238037
403 131.848520279 138.025238037
404 131.848520279 138.025238037
405 131.864160538 138.040878296
406 131.864160538 138.040878296
407 131.864160538 138.040878296
408 132.833856583 139.010574341
409 132.833856583 139.010574341
410 132.8651371 139.041854858
411 132.8651371 139.041854858
412 132.8651371 139.041854858
413 132.8651371 139.041854858
414 132.8651371 139.041854858
415 132.8651371 139.041854858
416 132.8651371 139.041854858
417 133.819192886 139.995910644
418 133.834833145 140.011550903
419 133.834833145 140.011550903
420 133.826742172 140.011550903
421 133.826742172 140.011550903
422 133.826742172 140.011550903
423 133.826742172 140.011550903
424 133.826742172 140.011550903
425 133.826742172 140.011550903
426 135.578451156 141.763259888
427 135.578451156 141.763259888
428 135.578451156 141.763259888
429 135.578451156 141.763259888
430 135.578451156 141.763259888
431 135.578451156 141.763259888
432 135.578451156 141.763259888
433 135.594091415 141.778900146
434 135.594091415 141.778900146
435 135.594091415 141.778900146
436 135.594091415 141.778900146
437 135.609731674 141.794540405
438 135.609731674 141.794540405
439 135.609731674 141.794540405
440 136.798391342 142.983200073
441 136.798391342 142.983200073
442 136.798391342 142.983200073
443 136.798391342 142.983200073
444 136.798391342 142.983200073
445 136.798391342 142.983200073
446 136.798391342 142.983200073
447 136.798391342 142.983200073
448 136.82967186 143.01448059
449 136.82967186 143.01448059
450 136.822481155 143.01448059
451 136.822481155 143.01448059
452 136.822481155 143.01448059
453 136.822481155 143.01448059
454 136.822481155 143.01448059
455 137.338609695 143.53060913
456 137.354249954 143.546249389
457 137.354249954 143.546249389
458 137.354249954 143.546249389
459 137.354249954 143.546249389
460 137.354249954 143.546249389
461 137.682695389 143.874694824
462 137.682695389 143.874694824
463 137.682695389 143.874694824
464 137.682695389 143.874694824
465 137.682695389 143.874694824
466 138.205825806 144.390823364
467 138.205825806 144.390823364
468 138.205825806 144.390823364
469 138.205825806 144.390823364
470 138.221466065 144.406463623
471 138.628112793 144.813110352
472 138.628112793 144.813110352
473 138.628112793 144.813110352
474 138.628112793 144.813110352
475 138.628112793 144.813110352
476 139.257629395 145.442626953
477 139.288909912 145.473907471
478 139.288909912 145.473907471
479 139.288909912 145.473907471
480 139.281829834 145.473907471
481 139.281829834 145.473907471
482 140.157684326 146.349761962
483 140.157684326 146.349761962
484 140.157684326 146.349761962
485 140.157684326 146.349761962
486 140.157684326 146.349761962
487 140.23588562 146.427963256
488 140.23588562 146.427963256
489 140.23588562 146.427963256
490 140.23588562 146.427963256
491 140.23588562 146.427963256
492 140.75201416 146.944091796
493 140.75201416 146.944091796
494 140.75201416 146.944091796
495 140.75201416 146.944091796
496 140.75201416 146.944091796
497 141.502746582 147.694824218
498 141.518386841 147.710464477
499 141.5340271 147.726104736
500 141.5340271 147.726104736
501 141.5340271 147.726104736
502 141.565307618 147.757385254
503 141.565307618 147.757385254
504 141.565307618 147.757385254
505 141.565307618 147.757385254
506 142.143997193 148.336074829
507 142.159637451 148.351715088
508 142.159637451 148.351715088
509 142.159637451 148.351715088
510 142.152973175 148.351715088
511 142.152973175 148.351715088
512 142.684741974 148.883483887
513 142.684741974 148.883483887
514 142.684741974 148.883483887
515 142.684741974 148.883483887
516 142.684741974 148.883483887
517 143.12266922 149.321411133
518 143.560596466 149.759338379
519 143.560596466 149.759338379
520 143.560596466 149.759338379
521 143.560596466 149.759338379
522 143.560596466 149.759338379
523 143.701358795 149.900100708
524 143.701358795 149.900100708
525 143.701358795 149.900100708
526 143.716999054 149.915740967
527 143.716999054 149.915740967
528 144.186206818 150.384948731
529 144.186206818 150.384948731
530 144.186206818 150.384948731
531 144.186206818 150.384948731
532 144.186206818 150.384948731
533 144.79617691 150.994918824
534 144.811817169 151.010559082
535 144.811817169 151.010559082
536 144.811817169 151.010559082
537 144.811817169 151.010559082
538 145.296665192 151.495407104
539 145.296665192 151.495407104
540 145.185058594 151.495407104
541 145.185058594 151.495407104
542 145.185058594 151.495407104
543 145.185058594 151.495407104
544 145.716827393 152.027175903
545 145.716827393 152.027175903
546 145.716827393 152.027175903
547 145.716827393 152.027175903
548 145.716827393 152.027175903
549 146.295516968 152.605865478
550 146.295516968 152.605865478
551 146.295516968 152.605865478
552 146.295516968 152.605865478
553 146.295516968 152.605865478
554 146.764724732 153.075073242
555 146.780364991 153.090713501
556 146.780364991 153.090713501
557 146.780364991 153.090713501
558 146.780364991 153.090713501
559 147.218292237 153.528640747
560 147.218292237 153.528640747
561 147.218292237 153.528640747
562 147.218292237 153.528640747
563 147.218292237 153.528640747
564 147.703140259 154.01348877
565 147.703140259 154.01348877
566 147.703140259 154.01348877
567 147.718780517 154.029129029
568 147.718780517 154.029129029
569 148.266189575 154.576538086
570 131.605005264 154.576538086
571 131.605005264 154.576538086
572 131.605005264 154.576538086
573 131.605005264 154.576538086
574 132.089853286 155.061386109
575 132.089853286 155.061386109
576 132.089853286 155.061386109
577 132.089853286 155.061386109
578 132.105493545 155.077026367
579 132.105493545 155.077026367
580 132.621622086 155.593154907
581 132.621622086 155.593154907
582 132.621622086 155.593154907
583 132.621622086 155.593154907
584 132.621622086 155.593154907
585 133.231592178 156.203125
586 133.309793472 156.281326294
587 133.309793472 156.281326294
588 133.309793472 156.281326294
589 133.309793472 156.281326294
590 133.309793472 156.281326294
591 133.794641494 156.766174317
592 133.794641494 156.766174317
593 133.794641494 156.766174317
594 133.794641494 156.766174317
595 133.810281753 156.781814575
596 133.810281753 156.781814575
597 134.420251846 157.391784668
598 134.420251846 157.391784668
599 134.420251846 157.391784668
600 134.40104866 157.391784668
601 134.40104866 157.391784668
602 134.40104866 157.391784668
603 134.932817459 157.923553466
604 134.932817459 157.923553466
605 134.932817459 157.923553466
606 134.948457718 157.939193725
607 134.948457718 157.939193725
608 135.558427811 158.549163818
609 135.558427811 158.549163818
610 135.558427811 158.549163818
611 135.558427811 158.549163818
612 135.558427811 158.549163818
613 135.558427811 158.549163818
614 135.965074539 158.955810547
615 135.965074539 158.955810547
616 135.965074539 158.955810547
617 135.965074539 158.955810547
618 135.965074539 158.955810547
619 136.449922562 159.440658569
620 136.449922562 159.440658569
621 136.449922562 159.440658569
622 136.465562821 159.456298828
623 136.465562821 159.456298828
624 136.981691361 159.972427368
625 136.981691361 159.972427368
626 136.981691361 159.972427368
627 136.981691361 159.972427368
628 136.981691361 159.972427368
629 137.622941971 160.613677978
630 131.644508362 160.629318237
631 131.644508362 160.629318237
632 131.644508362 160.629318237
633 131.644508362 160.629318237
634 131.644508362 160.629318237
635 132.176277161 161.161087036
636 132.176277161 161.161087036
637 132.176277161 161.161087036
638 132.176277161 161.161087036
639 132.176277161 161.161087036
640 132.176277161 161.161087036
641 132.680671692 161.665481568
642 132.680671692 161.665481568
643 132.680671692 161.665481568
644 132.680671692 161.665481568
645 132.680671692 161.665481568
646 133.196800232 162.181610108
647 133.196800232 162.181610108
648 133.196800232 162.181610108
649 133.212440491 162.197250367
650 133.212440491 162.197250367
651 133.212440491 162.197250367
652 133.650367737 162.635177613
653 133.650367737 162.635177613
654 133.650367737 162.635177613
655 133.650367737 162.635177613
656 133.650367737 162.635177613
657 134.13521576 163.120025635
658 134.13521576 163.120025635
659 134.13521576 163.120025635
660 134.135036469 163.135665893
661 134.135036469 163.135665893
662 134.696653366 163.683074951
663 134.696653366 163.683074951
664 134.696653366 163.683074951
665 134.696653366 163.683074951
666 134.696653366 163.683074951
667 135.244062424 164.230484008
668 135.244062424 164.230484008
669 135.244062424 164.230484008
670 135.244062424 164.230484008
671 135.244062424 164.230484008
672 135.244062424 164.230484008
673 135.885313034 164.871734619
674 135.885313034 164.871734619
675 135.885313034 164.871734619
676 135.900953293 164.887374878
677 135.900953293 164.887374878
678 136.385801316 165.3722229
679 136.401441574 165.387863159
680 136.401441574 165.387863159
681 136.401441574 165.387863159
682 136.401441574 165.387863159
683 136.401441574 165.387863159
684 136.980131149 165.966552734
685 136.980131149 165.966552734
686 136.980131149 165.966552734
687 136.980131149 165.966552734
688 136.995771408 165.982192993
689 136.995771408 165.982192993
690 131.603845596 166.498321533
691 131.603845596 166.498321533
692 131.603845596 166.498321533
693 131.603845596 166.498321533
694 131.603845596 166.498321533
695 131.994852066 166.889328003
696 131.994852066 166.889328003
697 131.994852066 166.889328003
698 131.994852066 166.889328003
699 131.994852066 166.889328003
700 132.510980606 167.405456543
701 132.510980606 167.405456543
702 132.510980606 167.405456543
703 132.510980606 167.405456543
704 132.510980606 167.405456543
705 133.261713028 168.156188965
706 133.308633804 168.203109742
707 133.308633804 168.203109742
708 133.308633804 168.203109742
709 133.308633804 168.203109742
710 133.308633804 168.203109742
711 133.87168312 168.766159058
712 133.87168312 168.766159058
713 133.87168312 168.766159058
714 133.887323379 168.781799316
715 133.887323379 168.781799316
716 134.450372696 169.344848632
717 134.450372696 169.344848632
718 134.450372696 169.344848632
719 134.450372696 169.344848632
720 134.411365509 169.344848632
721 135.115177154 170.048660278
722 135.146457672 170.079940795
723 135.146457672 170.079940795
724 135.146457672 170.079940795
725 135.146457672 170.079940795
726 135.725147247 170.658630371
727 135.740787506 170.67427063
728 135.740787506 170.67427063
729 135.740787506 170.67427063
730 135.740787506 170.67427063
731 136.350757599 171.284240722
732 136.350757599 171.284240722
733 136.350757599 171.284240722
734 136.350757599 171.284240722
735 136.350757599 171.284240722
736 136.97636795 171.909851074
737 136.97636795 171.909851074
738 136.97636795 171.909851074
739 136.97636795 171.909851074
740 136.97636795 171.909851074
741 137.562013626 172.488540649
742 137.562013626 172.488540649
743 137.577653885 172.504180908
744 137.577653885 172.504180908
745 137.577653885 172.504180908
746 138.375307083 173.301834106
747 138.375307083 173.301834106
748 138.375307083 173.301834106
749 138.375307083 173.301834106
750 138.358484268 173.301834106
751 138.98409462 173.927444458
752 139.015375138 173.958724976
753 139.015375138 173.958724976
754 139.015375138 173.958724976
755 139.015375138 173.958724976
756 139.625345231 174.568695068
757 139.625345231 174.568695068
758 139.625345231 174.568695068
759 139.625345231 174.568695068
760 139.625345231 174.568695068
761 140.329156876 175.272506714
762 140.329156876 175.272506714
763 140.329156876 175.272506714
764 140.329156876 175.272506714
765 140.329156876 175.272506714
766 140.939126969 175.882476807
767 140.954767227 175.898117066
768 140.954767227 175.898117066
769 140.954767227 175.898117066
770 140.954767227 175.898117066
771 141.642938614 176.586288453
772 141.642938614 176.586288453
773 141.642938614 176.586288453
774 141.642938614 176.586288453
775 141.642938614 176.586288453
776 142.346750259 177.290100098
777 142.378030777 177.321380616
778 142.378030777 177.321380616
779 142.378030777 177.321380616
780 142.357887268 177.321380616
781 143.175086975 178.138580323
782 143.206367493 178.16986084
783 143.206367493 178.16986084
784 143.206367493 178.16986084
785 143.206367493 178.16986084
786 143.691215515 178.654708862
787 143.738136291 178.701629639
788 143.738136291 178.701629639
789 143.738136291 178.701629639
790 143.738136291 178.701629639
791 144.551429748 179.514923096
792 144.567070007 179.530563354
793 144.567070007 179.530563354
794 144.567070007 179.530563354
795 144.567070007 179.530563354
796 144.567070007 179.530563354
797 145.05191803 180.015411377
798 145.067558289 180.031051636
799 145.067558289 180.031051636
800 145.067558289 180.031051636
801 145.067558289 180.031051636
802 145.76779747 180.719223022
803 145.783437729 180.734863281
804 145.783437729 180.734863281
805 145.783437729 180.734863281
806 145.783437729 180.734863281
807 146.534170151 181.485595703
808 146.565450669 181.516876221
809 146.565450669 181.516876221
810 146.540782929 181.516876221
811 146.540782929 181.516876221
812 146.540782929 181.516876221
813 147.16639328 182.142486572
814 147.16639328 182.142486572
815 147.16639328 182.142486572
816 147.16639328 182.142486572
817 147.16639328 182.142486572
818 147.741250992 182.705535889
819 147.819452286 182.783737183
820 147.819452286 182.783737183
821 147.819452286 182.783737183
822 147.819452286 182.783737183
823 148.398141861 183.362426758
824 148.398141861 183.362426758
825 148.398141861 183.362426758
826 148.398141861 183.362426758
827 148.398141861 183.362426758
828 149.117593766 184.081878662
829 149.117593766 184.081878662
830 149.117593766 184.081878662
831 149.117593766 184.081878662
832 149.117593766 184.081878662
833 149.7119236 184.676208496
834 149.743204117 184.707489013
835 149.743204117 184.707489013
836 149.743204117 184.707489013
837 149.743204117 184.707489013
838 150.345146179 185.301818847
839 150.345146179 185.301818847
840 134.233283996 185.301818847
841 134.233283996 185.301818847
842 134.233283996 185.301818847
843 134.780693054 185.849227905
844 134.82761383 185.896148681
845 134.82761383 185.896148681
846 134.82761383 185.896148681
847 134.82761383 185.896148681
848 135.437583923 186.506118774
849 135.437583923 186.506118774
850 135.437583923 186.506118774
851 135.453224182 186.521759033
852 135.453224182 186.521759033
853 136.157035827 187.225570679
854 136.155040741 187.20993042
855 136.155040741 187.20993042
856 136.155040741 187.20993042
857 136.155040741 187.20993042
858 136.75904274 187.788619995
859 136.75904274 187.788619995
860 136.75904274 187.788619995
861 136.75904274 187.788619995
862 136.75904274 187.788619995
863 136.75904274 187.788619995
864 137.337732315 188.36730957
865 137.337732315 188.36730957
866 137.353372574 188.382949829
867 137.353372574 188.382949829
868 138.057184219 189.086761475
869 138.088464737 189.118041992
870 134.861206055 189.118041992
871 134.861206055 189.118041992
872 134.861206055 189.118041992
873 134.861206055 189.118041992
874 135.580657959 189.837493897
875 135.580657959 189.837493897
876 135.580657959 189.837493897
877 135.580657959 189.837493897
878 135.580657959 189.837493897
879 136.139894485 190.384902954
880 136.139894485 190.384902954
881 136.139894485 190.384902954
882 136.139894485 190.384902954
883 136.139894485 190.384902954
884 136.810592651 191.041793824
885 136.810592651 191.041793824
886 136.810592651 191.041793824
887 136.810592651 191.041793824
888 136.810592651 191.041793824
889 137.435285568 191.651763916
890 137.435285568 191.651763916
891 137.435285568 191.651763916
892 137.450925827 191.667404174
893 137.450925827 191.667404174
894 138.139097213 192.355575561
895 138.139097213 192.355575561
896 138.139097213 192.355575561
897 138.139097213 192.355575561
898 138.139097213 192.355575561
899 138.842908859 193.059387207
900 135.411634445 193.106307984
901 135.411634445 193.106307984
902 135.411634445 193.106307984
903 135.411634445 193.106307984
904 135.411634445 193.106307984
905 135.978590012 193.67326355
906 135.978590012 193.67326355
907 135.978590012 193.67326355
908 135.978590012 193.67326355
909 135.978590012 193.67326355
910 136.555252075 194.236312866
911 136.555252075 194.236312866
912 136.555252075 194.236312866
913 136.555252075 194.236312866
914 137.243423461 194.924484252
915 137.243423461 194.924484252
916 137.243423461 194.924484252
917 137.243423461 194.924484252
918 137.25906372 194.940124511
919 137.838148117 195.503173828
920 137.838148117 195.503173828
921 137.838148117 195.503173828
922 137.838148117 195.503173828
923 137.838148117 195.503173828
924 138.526319504 196.191345215
925 138.526319504 196.191345215
926 138.526319504 196.191345215
927 138.526319504 196.191345215
928 138.526319504 196.191345215
929 139.183210373 196.848236084
930 139.129272461 196.848236084
931 139.129272461 196.848236084
932 139.14491272 196.863876343
933 139.14491272 196.863876343
934 139.813734055 197.520767212
935 139.813734055 197.520767212
936 139.813734055 197.520767212
937 139.813734055 197.520767212
938 139.813734055 197.520767212
939 140.439344406 198.146377563
940 140.439344406 198.146377563
941 140.439344406 198.146377563
942 140.439344406 198.146377563
943 140.439344406 198.146377563
944 141.09056282 198.787628174
945 141.09056282 198.787628174
946 141.09056282 198.787628174
947 141.106203079 198.803268433
948 141.106203079 198.803268433
949 141.69707489 199.381958008
950 141.712715149 199.397598267
951 141.712715149 199.397598267
952 141.712715149 199.397598267
953 141.712715149 199.397598267
954 142.416526795 200.101409912
955 142.416526795 200.101409912
956 142.416526795 200.101409912
957 142.416526795 200.101409912
958 142.416526795 200.101409912
959 143.089057923 200.77394104
960 136.464237213 200.77394104
961 136.464237213 200.77394104
962 136.479877472 200.789581299
963 136.479877472 200.789581299
964 137.08732605 201.383911133
965 137.102966309 201.399551392
966 137.102966309 201.399551392
967 137.102966309 201.399551392
968 137.102966309 201.399551392
969 137.102966309 201.399551392
970 137.816329956 202.087722778
971 137.816329956 202.087722778
972 137.816329956 202.087722778
973 137.816329956 202.087722778
974 137.816329956 202.087722778
975 138.423187256 202.682052612
976 138.423187256 202.682052612
977 138.423187256 202.682052612
978 138.423187256 202.682052612
979 138.423187256 202.682052612
980 139.001876831 203.260742187
981 139.01751709 203.276382446
982 139.01751709 203.276382446
983 139.01751709 203.276382446
984 139.01751709 203.276382446
985 139.842115403 204.089675903
986 139.842115403 204.089675903
987 139.842115403 204.089675903
988 139.842115403 204.089675903
989 139.857755661 204.105316162
990 139.857755661 204.105316162
991 140.624128341 204.871688843
992 140.622325897 204.856048584
993 140.622325897 204.856048584
994 140.622325897 204.856048584
995 140.622325897 204.856048584
996 140.622325897 204.856048584
997 141.235008239 205.450378418
998 141.235008239 205.450378418
999 141.235008239 205.450378418
1000 141.235008239 205.450378418
1001 141.250648498 205.466018677
1002 141.938819885 206.154190064
1003 141.938819885 206.154190064
1004 141.938819885 206.154190064
1005 141.938819885 206.154190064
1006 141.938819885 206.154190064
1007 142.564430237 206.779800415
1008 142.580070495 206.795440674
1009 142.580070495 206.795440674
1010 142.580070495 206.795440674
1011 142.580070495 206.795440674
1012 142.580070495 206.795440674
1013 143.303365707 207.499252319
1014 143.303365707 207.499252319
1015 143.303365707 207.499252319
1016 143.303365707 207.499252319
1017 143.319005966 207.514892578
1018 144.085378647 208.281265259
1019 144.085378647 208.281265259
1020 137.608032226 208.281265259
1021 137.608032226 208.281265259
1022 137.608032226 208.281265259
1023 137.608032226 208.281265259
1024 138.254823684 208.922515869
1025 138.270463943 208.938156127
1026 138.270463943 208.938156127
1027 138.270463943 208.938156127
1028 138.270463943 208.938156127
1029 139.068332672 209.724075317
1030 139.068332672 209.724075317
1031 139.068332672 209.724075317
1032 139.068332672 209.724075317
1033 139.083972931 209.739715576
1034 139.083972931 209.739715576
1035 139.709583282 210.365325927
1036 139.709583282 210.365325927
1037 139.709583282 210.365325927
1038 139.709583282 210.365325927
1039 139.709583282 210.365325927
1040 139.709583282 210.365325927
1041 140.38211441 211.037857055
1042 140.38211441 211.037857055
1043 140.38211441 211.037857055
1044 140.38211441 211.037857055
1045 140.397754669 211.053497314
1046 141.094602585 211.741668701
1047 141.094602585 211.741668701
1048 141.094602585 211.741668701
1049 141.094602585 211.741668701
1050 141.066293716 211.741668701
1051 141.066293716 211.741668701
1052 141.644983291 212.320358276
1053 141.644983291 212.320358276
1054 141.644983291 212.320358276
1055 141.644983291 212.320358276
1056 141.644983291 212.320358276
1057 142.323162078 212.977249145
1058 142.323162078 212.977249145
1059 142.323162078 212.977249145
1060 142.338802337 212.992889404
1061 142.338802337 212.992889404
1062 142.927026748 213.57157898
1063 142.927026748 213.57157898
1064 142.927026748 213.57157898
1065 142.927026748 213.57157898
1066 142.927026748 213.57157898
1067 142.927026748 213.57157898
1068 143.51458168 214.150268555
1069 143.51458168 214.150268555
1070 143.51458168 214.150268555
1071 143.51458168 214.150268555
1072 143.51458168 214.150268555
1073 144.343101501 214.963562012
1074 144.343101501 214.963562012
1075 144.343101501 214.963562012
1076 144.35874176 214.979202271
1077 144.35874176 214.979202271
1078 144.35874176 214.979202271
1079 144.993284225 215.604812622
1080 138.586744308 215.604812622
1081 138.586744308 215.604812622
1082 138.586744308 215.604812622
1083 138.586744308 215.604812622
1084 139.274915695 216.292984009
1085 139.7284832 216.746551514
1086 139.7284832 216.746551514
1087 139.7284832 216.746551514
1088 139.744123459 216.762191772
1089 139.744123459 216.762191772
1090 139.884885788 216.902954101
1091 139.884885788 216.902954101
1092 139.884885788 216.902954101
1093 139.884885788 216.902954101
1094 139.884885788 216.902954101
1095 140.604337692 217.622406005
1096 140.604337692 217.622406005
1097 140.604337692 217.622406005
1098 140.604337692 217.622406005
1099 140.604337692 217.622406005
1100 140.604337692 217.622406005
1101 141.1908741 218.201095581
1102 141.1908741 218.201095581
1103 141.1908741 218.201095581
1104 141.206514359 218.21673584
1105 141.206514359 218.21673584
1106 141.778644562 218.779785156
1107 141.771520615 218.764144897
1108 141.771520615 218.764144897
1109 141.771520615 218.764144897
1110 141.744848251 218.764144897
1111 142.479940414 219.49923706
1112 142.495580673 219.514877319
1113 142.495580673 219.514877319
1114 142.495580673 219.514877319
1115 142.511220932 219.530517578
1116 143.060192108 220.077926636
1117 143.060192108 220.077926636
1118 143.060192108 220.077926636
1119 143.060192108 220.077926636
1120 143.060192108 220.077926636
1121 143.060192108 220.077926636
1122 143.717082977 220.734817505
1123 143.717082977 220.734817505
1124 143.717082977 220.734817505
1125 143.717082977 220.734817505
1126 143.717082977 220.734817505
1127 144.309762955 221.297866822
1128 144.309762955 221.297866822
1129 144.309762955 221.297866822
1130 144.325403214 221.313507081
1131 144.325403214 221.313507081
1132 145.055103302 222.032958985
1133 145.064907074 222.032958984
1134 145.064907074 222.032958984
1135 145.064907074 222.032958984
1136 145.064907074 222.032958984
1137 145.064907074 222.032958984
1138 145.668373108 222.611648559
1139 145.668373108 222.611648559
1140 145.639156341 222.611648559
1141 145.639156341 222.611648559
1142 145.639156341 222.611648559
1143 146.418022155 223.37802124
1144 146.449302673 223.409301758
1145 146.449302673 223.409301758
1146 146.449302673 223.409301758
1147 146.449302673 223.409301758
1148 146.449302673 223.409301758
1149 147.043632507 224.003631592
1150 147.043632507 224.003631592
1151 147.043632507 224.003631592
1152 147.043632507 224.003631592
1153 147.043632507 224.003631592
1154 147.64802742 224.597961426
1155 147.64802742 224.597961426
1156 147.64802742 224.597961426
1157 147.64802742 224.597961426
1158 147.663667679 224.613601685
1159 148.287250519 225.223571778
1160 148.302890778 225.239212036
1161 148.302890778 225.239212036
1162 148.302890778 225.239212036
1163 148.302890778 225.239212036
1164 149.010608673 225.946929932
1165 149.026248931 225.962570191
1166 149.026248931 225.962570191
1167 149.026248931 225.962570191
1168 149.026248931 225.962570191
1169 149.026248931 225.962570191
1170 140.118068695 226.6038208
1171 140.118068695 226.6038208
1172 140.118068695 226.6038208
1173 140.118068695 226.6038208
1174 140.118068695 226.6038208
1175 140.728038788 227.213790893
1176 140.728038788 227.213790893
1177 140.728038788 227.213790893
1178 140.728038788 227.213790893
1179 140.728038788 227.213790893
1180 140.728038788 227.213790893
1181 141.313194275 227.77684021
1182 141.313194275 227.77684021
1183 141.313194275 227.77684021
1184 141.313194275 227.77684021
1185 141.313194275 227.77684021
1186 142.082609176 228.511932373
1187 142.098249435 228.527572632
1188 142.098249435 228.527572632
1189 142.098249435 228.527572632
1190 142.098249435 228.527572632
1191 142.098249435 228.527572632
1192 142.725025177 229.137542725
1193 142.725025177 229.137542725
1194 142.725025177 229.137542725
1195 142.725025177 229.137542725
1196 142.725025177 229.137542725
1197 143.268241882 229.638031006
1198 143.268241882 229.638031006
1199 143.268241882 229.638031006
1200 143.236434936 229.638031006
1201 143.236434936 229.638031006
1202 143.908021927 230.294921875
1203 143.939302445 230.326202393
1204 143.939302445 230.326202393
1205 143.939302445 230.326202393
1206 143.939302445 230.326202393
1207 144.490253449 230.873611451
1208 144.490253449 230.873611451
1209 144.490253449 230.873611451
1210 144.490253449 230.873611451
1211 144.490253449 230.873611451
1212 145.207479477 231.561782837
1213 145.207479477 231.561782837
1214 145.207479477 231.561782837
1215 145.207479477 231.561782837
1216 145.223119736 231.577423095
1217 145.223119736 231.577423095
1218 146.639230728 232.985046386
1219 146.639230728 232.985046386
1220 146.639230728 232.985046386
1221 146.639230728 232.985046386
1222 146.639230728 232.985046386
1223 146.654870987 233.000686645
1224 146.653522491 232.985046386
1225 146.653522491 232.985046386
1226 146.653522491 232.985046386
1227 146.653522491 232.985046386
1228 147.075809478 233.407333374
1229 147.075809478 233.407333374
1230 140.905733109 233.407333374
1231 140.905733109 233.407333374
1232 140.921373367 233.422973633
1233 141.500062942 234.001663208
1234 141.499500274 233.986022949
1235 141.499500274 233.986022949
1236 141.499500274 233.986022949
1237 141.499500274 233.986022949
1238 142.327316284 234.799316406
1239 142.326509475 234.783676147
1240 142.326509475 234.783676147
1241 142.326509475 234.783676147
1242 142.326509475 234.783676147
1243 142.326509475 234.783676147
1244 142.834123611 235.26852417
1245 142.84976387 235.284164429
1246 142.84976387 235.284164429
1247 142.865404129 235.299804688
1248 142.865404129 235.299804688
1249 142.865404129 235.299804688
1250 143.539499283 235.941055297
1251 143.539499283 235.941055297
1252 143.539499283 235.941055297
1253 143.539499283 235.941055297
1254 143.539499283 235.941055297
1255 144.066766739 236.441543579
1256 144.066766739 236.441543579
1257 144.066766739 236.441543579
1258 144.066766739 236.441543579
1259 144.082406998 236.457183838
1260 141.470552445 237.254837036
1261 141.475921631 237.254837036
1262 141.475921631 237.254837036
1263 141.475921631 237.254837036
1264 141.475921631 237.254837036
1265 141.475921631 237.254837036
1266 142.1328125 237.911727905
1267 142.289215088 238.068130493
1268 142.289215088 238.068130493
1269 142.289215088 238.068130493
1270 142.289215088 238.068130493
1271 142.289215088 238.068130493
1272 142.812988281 238.552978516
1273 142.812988281 238.552978516
1274 142.812988281 238.552978516
1275 142.82862854 238.568618775
1276 142.82862854 238.568618775
1277 143.565294266 239.27243042
1278 143.565294266 239.27243042
1279 143.565294266 239.27243042
1280 143.565294266 239.27243042
1281 143.565294266 239.27243042
1282 143.565294266 239.27243042
1283 144.251438141 239.944961548
1284 144.251438141 239.944961548
1285 144.251438141 239.944961548
1286 144.251438141 239.944961548
1287 144.251438141 239.944961548
1288 144.829498291 240.508010864
1289 144.829498291 240.508010864
1290 144.768278122 240.508010864
1291 144.783918381 240.523651123
1292 144.783918381 240.523651123
1293 145.419616699 241.121887207
1294 145.419616699 241.121887207
1295 145.419616699 241.121887207
1296 145.419616699 241.121887207
1297 145.419616699 241.121887207
1298 146.164487839 241.841339112
1299 146.178613663 241.841339111
1300 146.178613663 241.841339111
1301 146.178613663 241.841339111
1302 146.178613663 241.841339111
1303 146.178613663 241.841339111
1304 146.809530258 242.451309204
1305 146.79986763 242.404388427
1306 146.79986763 242.404388427
1307 146.79986763 242.404388427
1308 146.79986763 242.404388427
1309 147.378557205 242.983078003
1310 147.394197464 242.998718262
1311 147.394197464 242.998718262
1312 147.394197464 242.998718262
1313 147.394197464 242.998718262
1314 147.394197464 242.998718262
1315 148.180618287 243.718170166
1316 148.180618287 243.718170166
1317 148.180618287 243.718170166
1318 148.196258545 243.733810425
1319 148.196258545 243.733810425
1320 142.42833519 244.484542847
1321 142.426713943 244.43762207
1322 142.426713943 244.43762207
1323 142.426713943 244.43762207
1324 142.426713943 244.43762207
1325 142.426713943 244.43762207
1326 142.426713943 244.43762207
1327 143.19020462 245.141433716
1328 143.19020462 245.141433716
1329 143.19020462 245.141433716
1330 143.19020462 245.141433716
1331 143.19020462 245.141433716
1332 143.19020462 245.141433716
1333 143.800174713 245.751403809
1334 143.791852951 245.73576355
1335 143.791852951 245.73576355
1336 143.80749321 245.751403809
1337 143.80749321 245.751403809
1338 143.80749321 245.751403809
1339 144.447998047 246.377014161
1340 144.447998047 246.377014161
1341 144.447998047 246.377014161
1342 144.447998047 246.377014161
1343 144.447998047 246.377014161
1344 144.447998047 246.377014161
1345 145.151809692 247.080825806
1346 145.151809692 247.080825806
1347 145.151809692 247.080825806
1348 145.151809692 247.080825806
1349 145.167449951 247.096466064
1350 145.167449951 247.096466064
1351 145.167449951 247.096466064
1352 145.949462891 247.878479004
1353 145.958675384 247.878479004
1354 145.958675384 247.878479004
1355 145.958675384 247.878479004
1356 145.958675384 247.878479004
1357 145.958675384 247.878479004
1358 145.958675384 247.878479004
1359 146.585765838 248.488449097
1360 146.574850082 248.472808838
1361 146.574850082 248.472808838
1362 146.574850082 248.472808838
1363 146.574850082 248.472808838
1364 146.574850082 248.472808838
1365 146.574850082 248.472808838
1366 147.345811843 249.239181518
1367 147.345111846 249.22354126
1368 147.345111846 249.22354126
1369 147.345111846 249.22354126
1370 147.360752105 249.239181519
1371 147.360752105 249.239181519
1372 147.360752105 249.239181519
1373 148.125551224 249.974273682
1374 148.134899139 249.974273682
1375 148.134899139 249.974273682
1376 148.134899139 249.974273682
1377 148.134899139 249.974273682
1378 148.134899139 249.974273682
1379 148.134899139 249.974273682
1380 148.134899139 249.974273682
1381 148.779716492 250.568603516
1382 148.779716492 250.568603516
1383 148.779716492 250.568603516
1384 148.779716492 250.568603516
1385 148.795356751 250.584243774
1386 148.795356751 250.584243774
1387 148.795356751 250.584243774
1388 149.679426193 251.444458007
1389 149.694852829 251.444458008
1390 149.694852829 251.444458008
1391 149.694852829 251.444458008
1392 149.694852829 251.444458008
1393 149.694852829 251.444458008
1394 149.694852829 251.444458008
1395 149.694852829 251.444458008
1396 150.495592118 252.226470947
1397 150.526317597 252.242111206
1398 150.526317597 252.242111206
1399 150.526317597 252.242111206
1400 150.526317597 252.242111206
1401 150.541957855 252.257751465
1402 150.541957855 252.257751465
1403 150.541957855 252.257751465
1404 151.41865158 253.086685181
1405 151.403995514 253.039764404
1406 151.403995514 253.039764404
1407 151.403995514 253.039764404
1408 151.403995514 253.039764404
1409 151.403995514 253.039764404
1410 151.403995514 253.039764404
1411 151.403995514 253.039764404
1412 152.294281005 253.899978638
1413 152.945291519 254.525588989
1414 152.945291519 254.525588989
1415 152.945291519 254.525588989
1416 152.945291519 254.525588989
1417 152.945291519 254.525588989
1418 152.960931778 254.541229248
1419 152.960931778 254.541229248
1420 152.960931778 254.541229248
1421 153.11192894 254.666351319
1422 153.11192894 254.666351319
1423 153.11192894 254.666351319
1424 153.11192894 254.666351319
1425 153.11192894 254.666351319
1426 153.11192894 254.666351319
1427 153.11192894 254.666351319
1428 153.11192894 254.666351319
1429 153.11192894 254.666351319
1430 154.200273514 255.714248657
1431 154.215913773 255.729888916
1432 154.215913773 255.729888916
1433 154.215913773 255.729888916
1434 154.215913773 255.729888916
1435 154.231554032 255.745529174
1436 154.231554032 255.745529174
1437 154.231554032 255.745529174
1438 154.992860794 256.468887329
1439 154.978336334 256.390686035
1440 143.667638779 256.390686035
1441 143.667638779 256.390686035
1442 143.667638779 256.390686035
1443 143.667638779 256.390686035
1444 143.667638779 256.390686035
1445 143.667638779 256.390686035
1446 143.667638779 256.390686035
1447 144.335680008 257.031936645
1448 144.412313462 257.078857422
1449 144.412313462 257.078857422
1450 144.412313462 257.078857422
1451 144.412313462 257.078857422
1452 144.412313462 257.078857422
1453 144.412313462 257.078857422
1454 144.412313462 257.078857422
1455 145.247810364 257.907791138
1456 145.245109559 257.87651062
1457 145.245109559 257.87651062
1458 145.245109559 257.87651062
1459 145.260749817 257.892150879
1460 145.260749817 257.892150879
1461 145.260749817 257.892150879
1462 145.260749817 257.892150879
1463 145.260749817 257.892150879
1464 146.047462463 258.627243042
1465 146.044189453 258.611602783
1466 146.044189453 258.611602783
1467 146.044189453 258.611602783
1468 146.044189453 258.611602783
1469 146.044189453 258.611602783
1470 146.044189453 258.611602783
1471 146.044189453 258.611602783
1472 146.769657135 259.29977417
1473 147.298402786 259.768981934
1474 147.298402786 259.768981934
1475 147.298402786 259.768981934
1476 147.298402786 259.768981934
1477 147.298402786 259.768981934
1478 147.298402786 259.768981934
1479 147.298402786 259.768981934
1480 147.548646927 260.019226074
1481 147.541866302 259.956665039
1482 147.541866302 259.956665039
1483 147.541866302 259.956665039
1484 147.541866302 259.956665039
1485 147.541866302 259.956665039
1486 147.541866302 259.956665039
1487 147.541866302 259.956665039
1488 148.885652542 261.286087036
1489 148.899848938 261.270446778
1490 148.899848938 261.270446778
1491 148.899848938 261.270446778
1492 148.915489197 261.286087036
1493 148.915489197 261.286087036
1494 148.915489197 261.286087036
1495 148.915489197 261.286087036
1496 149.684997559 262.00553894
1497 149.682870865 261.974258423
1498 149.682870865 261.974258423
1499 149.682870865 261.974258423
1500 149.627368927 261.974258423
1501 149.627368927 261.974258423
1502 149.627368927 261.974258423
1503 149.627368927 261.974258423
1504 149.627368927 261.974258423
1505 149.88454628 262.208862304
1506 149.882255554 262.161941528
1507 149.882255554 262.161941528
1508 149.882255554 262.161941528
1509 149.882255554 262.161941528
1510 149.897895813 262.177581787
1511 149.897895813 262.177581787
1512 149.897895813 262.177581787
1513 149.897895813 262.177581787
1514 150.727409363 262.975234985
1515 150.743049621 262.990875244
1516 150.743049621 262.990875244
1517 150.743049621 262.990875244
1518 150.743049621 262.990875244
1519 150.743049621 262.990875244
1520 150.743049621 262.990875244
1521 150.743049621 262.990875244
1522 151.48002243 263.710327149
1523 151.467561721 263.663406372
1524 151.48320198 263.679046631
1525 151.48320198 263.679046631
1526 151.48320198 263.679046631
1527 151.498842239 263.69468689
1528 151.498842239 263.69468689
1529 151.498842239 263.69468689
1530 151.498842239 263.69468689
1531 152.2293396 264.367218018
1532 152.2293396 264.367218018
1533 152.2293396 264.367218018
1534 152.2293396 264.367218018
1535 152.2293396 264.367218018
1536 152.2293396 264.367218018
1537 152.2293396 264.367218018
1538 152.852809906 264.961547852
1539 152.852809906 264.961547852
1540 152.852809906 264.961547852
1541 152.852809906 264.961547852
1542 152.868450165 264.97718811
1543 152.868450165 264.97718811
1544 152.868450165 264.97718811
1545 153.650789261 265.727920532
1546 153.647512436 265.712280273
1547 153.647512436 265.712280273
1548 153.647512436 265.712280273
1549 153.647512436 265.712280273
1550 153.647512436 265.712280273
1551 153.647512436 265.712280273
1552 153.647512436 265.712280273
1553 153.647512436 265.712280273
1554 154.455993653 266.478652954
1555 154.471616745 266.478652954
1556 154.471616745 266.478652954
1557 154.471616745 266.478652954
1558 154.471616745 266.478652954
1559 154.471616745 266.478652954
1560 154.471616745 266.478652954
1561 154.471616745 266.478652954
1562 155.264226913 267.213745117
1563 155.251480102 267.166824341
1564 155.251480102 267.166824341
1565 155.251480102 267.166824341
1566 155.251480102 267.166824341
1567 155.251480102 267.166824341
1568 155.251480102 267.166824341
1569 155.251480102 267.166824341
1570 156.001684189 267.870635986
1571 156.001684189 267.870635986
1572 156.001684189 267.870635986
1573 156.001684189 267.870635986
1574 156.001684189 267.870635986
1575 156.017324448 267.886276245
1576 156.017324448 267.886276245
1577 156.017324448 267.886276245
1578 156.817678451 268.637008667
1579 156.809701919 268.590087891
1580 156.809701919 268.590087891
1581 156.809701919 268.590087891
1582 156.809701919 268.590087891
1583 156.809701919 268.590087891
1584 156.809701919 268.590087891
1585 156.809701919 268.590087891
1586 156.809701919 268.590087891
1587 158.540645599 270.201034546
1588 158.556285858 270.216674805
1589 158.556285858 270.216674805
1590 158.481021881 270.216674805
1591 158.481021881 270.216674805
1592 158.481021881 270.216674805
1593 158.481021881 270.216674805
1594 158.481021881 270.216674805
1595 158.446638107 270.122833252
1596 158.457092286 270.122833252
1597 158.457092286 270.122833252
1598 158.457092286 270.122833252
1599 158.457092286 270.122833252
1600 158.457092286 270.122833252
1601 158.457092286 270.122833252
1602 158.457092286 270.122833252
1603 159.03519249 270.642868042
1604 159.03519249 270.642868042
1605 159.03519249 270.642868042
1606 159.03519249 270.642868042
1607 159.03519249 270.642868042
1608 159.03519249 270.642868042
1609 159.03519249 270.642868042
1610 159.03519249 270.642868042
1611 159.983118058 271.471801757
1612 160.006412506 271.456161499
1613 160.006412506 271.456161499
1614 160.006412506 271.456161499
1615 160.006412506 271.456161499
1616 160.006412506 271.456161499
1617 160.006412506 271.456161499
1618 160.006412506 271.456161499
1619 160.006412506 271.456161499
1620 145.325805664 272.206893921
1621 145.325805664 272.206893921
1622 145.325805664 272.206893921
1623 145.325805664 272.206893921
1624 145.325805664 272.206893921
1625 145.325805664 272.206893921
1626 145.325805664 272.206893921
1627 145.325805664 272.206893921
1628 145.325805664 272.206893921
1629 145.950037003 272.73866272
1630 145.950037003 272.73866272
1631 145.950037003 272.73866272
1632 145.950037003 272.73866272
1633 145.950037003 272.73866272
1634 145.950037003 272.73866272
1635 145.950037003 272.73866272
1636 146.806549072 273.520675659
1637 147.513263702 274.177566529
1638 147.513263702 274.177566529
1639 147.513263702 274.177566529
1640 147.513263702 274.177566529
1641 147.513263702 274.177566529
1642 147.513263702 274.177566529
1643 147.513263702 274.177566529
1644 148.299186707 274.912658692
1645 148.308414459 274.897018433
1646 148.323907852 274.897018433
1647 148.323907852 274.897018433
1648 148.323907852 274.897018433
1649 148.323907852 274.897018433
1650 148.275405883 274.897018433
1651 148.275405883 274.897018433
1652 148.275405883 274.897018433
1653 148.339599609 274.865737915
1654 148.350034714 274.834457397
1655 148.350034714 274.834457397
1656 148.350034714 274.834457397
1657 148.350034714 274.834457397
1658 148.350034714 274.834457397
1659 148.350034714 274.834457397
1660 148.350034714 274.834457397
1661 149.140102386 275.585189819
1662 149.153375626 275.585189819
1663 149.153375626 275.585189819
1664 149.153375626 275.585189819
1665 149.153375626 275.585189819
1666 149.169015885 275.600830078
1667 149.169015885 275.600830078
1668 149.169015885 275.600830078
1669 149.96456337 276.335922241
1670 149.947126389 276.273361206
1671 149.947126389 276.273361206
1672 149.947126389 276.273361206
1673 149.947126389 276.273361206
1674 149.947126389 276.273361206
1675 149.947126389 276.273361206
1676 149.947126389 276.273361206
1677 150.649604797 276.930252075
1678 150.645364761 276.883331299
1679 150.66100502 276.898971558
1680 150.633745193 276.898971558
1681 150.633745193 276.898971558
1682 150.649385452 276.914611817
1683 150.649385452 276.914611817
1684 150.649385452 276.914611817
1685 151.398363114 277.587142945
1686 151.391935349 277.555862427
1687 151.391935349 277.555862427
1688 151.391935349 277.555862427
1689 151.391935349 277.555862427
1690 151.391935349 277.555862427
1691 151.391935349 277.555862427
1692 151.391935349 277.555862427
1693 152.188707352 278.212753296
1694 152.181926727 278.16583252
1695 152.181926727 278.16583252
1696 152.181926727 278.16583252
1697 152.181926727 278.16583252
1698 152.181926727 278.16583252
1699 152.181926727 278.16583252
1700 152.181926727 278.16583252
1701 152.181926727 278.16583252
1702 153.671539307 279.510894776
1703 153.671539307 279.510894776
1704 153.671539307 279.510894776
1705 153.671539307 279.510894776
1706 153.671539307 279.510894776
1707 153.671539307 279.510894776
1708 153.671539307 279.510894776
1709 153.671539307 279.510894776
1710 145.816741944 279.542175293
1711 145.815368653 279.510894776
1712 145.815368653 279.510894776
1713 145.815368653 279.510894776
1714 145.815368653 279.510894776
1715 145.815368653 279.510894776
1716 145.815368653 279.510894776
1717 145.815368653 279.510894776
1718 146.54030037 280.183425904
1719 146.549703598 280.152145385
1720 146.549703598 280.152145385
1721 146.549703598 280.152145385
1722 146.565343857 280.167785644
1723 146.565343857 280.167785644
1724 146.565343857 280.167785644
1725 146.565343857 280.167785644
1726 147.484127045 280.99671936
1727 147.527616501 281.012359619
1728 147.527616501 281.012359619
1729 147.527616501 281.012359619
1730 147.527616501 281.012359619
1731 147.527616501 281.012359619
1732 147.527616501 281.012359619
1733 147.527616501 281.012359619
1734 148.354278565 281.794372558
1735 148.345716477 281.731811523
1736 148.345716477 281.731811523
1737 148.345716477 281.731811523
1738 148.345716477 281.731811523
1739 148.361356735 281.747451782
1740 148.311853409 281.747451782
1741 148.311853409 281.747451782
1742 148.311853409 281.747451782
1743 149.05846405 282.341781616
1744 149.05846405 282.341781616
1745 149.05846405 282.341781616
1746 149.05846405 282.341781616
1747 149.05846405 282.341781616
1748 149.05846405 282.341781616
1749 149.05846405 282.341781616
1750 149.05846405 282.341781616
1751 149.925777435 283.123794555
1752 149.926492691 283.076873779
1753 149.926492691 283.076873779
1754 149.926492691 283.076873779
1755 149.926492691 283.076873779
1756 149.94213295 283.092514038
1757 149.94213295 283.092514038
1758 149.94213295 283.092514038
1759 149.94213295 283.092514038
1760 150.766222 283.815872192
1761 150.766222 283.815872192
1762 150.766222 283.815872192
1763 150.766222 283.815872192
1764 150.766222 283.815872192
1765 150.766222 283.815872192
1766 150.766222 283.815872192
1767 150.766222 283.815872192
1768 150.766222 283.815872192
1769 152.107313156 285.129653931
1770 146.695781708 285.129653931
1771 146.695781708 285.129653931
1772 146.695781708 285.129653931
1773 146.711421967 285.14529419
1774 146.711421967 285.14529419
1775 146.711421967 285.14529419
1776 146.711421967 285.14529419
1777 147.485927582 285.896026611
1778 147.466495514 285.833465576
1779 147.466495514 285.833465576
1780 147.466495514 285.833465576
1781 147.466495514 285.833465576
1782 147.466495514 285.833465576
1783 147.466495514 285.833465576
1784 147.466495514 285.833465576
1785 148.322877884 286.678039551
1786 148.314962387 286.584197998
1787 148.314962387 286.584197998
1788 148.314962387 286.584197998
1789 148.314962387 286.584197998
1790 148.330602646 286.599838257
1791 148.330602646 286.599838257
1792 148.330602646 286.599838257
1793 148.330602646 286.599838257
1794 149.174488068 287.33493042
1795 149.168062211 287.256729126
1796 149.168062211 287.256729126
1797 149.168062211 287.256729126
1798 149.168062211 287.256729126
1799 149.168062211 287.256729126
1800 149.168062211 287.256729126
1801 149.168062211 287.256729126
1802 149.354467392 287.366210938
1803 149.356235504 287.319290161
1804 149.356235504 287.319290161
1805 149.356235504 287.319290161
1806 149.356235504 287.319290161
1807 149.371875763 287.33493042
1808 149.371875763 287.33493042
1809 149.371875763 287.33493042
1810 150.14767456 288.023101806
1811 150.14767456 288.023101806
1812 150.14767456 288.023101806
1813 150.14767456 288.023101806
1814 150.14767456 288.023101806
1815 150.14767456 288.023101806
1816 150.14767456 288.023101806
1817 150.14767456 288.023101806
1818 151.018547058 288.789474487
1819 151.005559921 288.648712158
1820 150.996833801 288.633071899
1821 150.996833801 288.633071899
1822 150.996833801 288.633071899
1823 150.996833801 288.633071899
1824 151.01247406 288.648712158
1825 151.01247406 288.648712158
1826 151.01247406 288.648712158
1827 151.844655991 289.430725098
1828 151.835002899 289.336883545
1829 151.835002899 289.336883545
1830 151.780086517 289.336883545
1831 151.780086517 289.336883545
1832 151.780086517 289.336883545
1833 151.780086517 289.336883545
1834 151.780086517 289.336883545
1835 151.780086517 289.336883545
1836 152.964935303 290.494262695
1837 152.951580047 290.400421143
1838 152.951580047 290.400421143
1839 152.951580047 290.400421143
1840 152.951580047 290.400421143
1841 152.951580047 290.400421143
1842 152.967220306 290.416061402
1843 152.967220306 290.416061402
1844 152.967220306 290.416061402
1845 152.967220306 290.416061402
1846 153.782266617 291.119873047
1847 153.782266617 291.119873047
1848 153.782266617 291.119873047
1849 153.782266617 291.119873047
1850 153.782266617 291.119873047
1851 153.782266617 291.119873047
1852 153.782266617 291.119873047
1853 153.782266617 291.119873047
1854 153.782266617 291.119873047
1855 154.37871933 291.573440552
1856 154.394123078 291.573440552
1857 154.394123078 291.573440552
1858 154.394123078 291.573440552
1859 154.394123078 291.573440552
1860 154.384588242 291.58908081
1861 154.384588242 291.58908081
1862 154.384588242 291.58908081
1863 154.384588242 291.58908081
1864 155.268075943 292.324172973
1865 155.268075943 292.324172973
1866 155.268075943 292.324172973
1867 155.268075943 292.324172973
1868 155.268075943 292.324172973
1869 155.268075943 292.324172973
1870 155.268075943 292.324172973
1871 155.268075943 292.324172973
1872 155.978401184 292.981063842
1873 155.97849083 292.918502807
1874 155.994131089 292.934143066
1875 155.994131089 292.934143066
1876 155.994131089 292.934143066
1877 155.994131089 292.934143066
1878 156.009771347 292.949783325
1879 156.009771347 292.949783325
1880 156.009771347 292.949783325
1881 156.80247116 293.684875488
1882 156.80247116 293.684875488
1883 156.80247116 293.684875488
1884 156.80247116 293.684875488
1885 156.80247116 293.684875488
1886 156.80247116 293.684875488
1887 156.80247116 293.684875488
1888 156.80247116 293.684875488
1889 157.606269836 294.388687134
1890 147.077270508 294.373046875
1891 147.077270508 294.373046875
1892 147.077270508 294.373046875
1893 147.077270508 294.373046875
1894 147.092910767 294.388687134
1895 147.092910767 294.388687134
1896 147.092910767 294.388687134
1897 147.960477829 295.170700073
1898 147.957475662 295.155059815
1899 147.957475662 295.155059815
1900 147.957475662 295.155059815
1901 147.957475662 295.155059815
1902 147.957475662 295.155059815
1903 147.957475662 295.155059815
1904 147.957475662 295.155059815
1905 148.570508957 295.655548096
1906 148.562356949 295.592987061
1907 148.577997208 295.60862732
1908 148.577997208 295.60862732
1909 148.577997208 295.60862732
1910 148.577997208 295.60862732
1911 148.577997208 295.60862732
1912 148.577997208 295.60862732
1913 148.577997208 295.60862732
1914 149.428539276 296.375
1915 149.428539276 296.375
1916 149.428539276 296.375
1917 149.428539276 296.375
1918 149.444179534 296.390640258
1919 149.444179534 296.390640258
1920 149.444179534 296.390640258
1921 149.444179534 296.390640258
1922 150.297796249 297.176559448
1923 150.294958114 297.160919189
1924 150.294958114 297.160919189
1925 150.294958114 297.160919189
1926 150.294958114 297.160919189
1927 150.294958114 297.160919189
1928 150.294958114 297.160919189
1929 150.294958114 297.160919189
1930 150.968412399 297.755249023
1931 150.998851776 297.770889282
1932 150.998851776 297.770889282
1933 150.998851776 297.770889282
1934 151.014492035 297.786529541
1935 151.014492035 297.786529541
1936 151.014492035 297.786529541
1937 151.014492035 297.786529541
1938 151.014492035 297.786529541
1939 151.658071518 298.287017822
1940 151.658054352 298.271377563
1941 151.658054352 298.271377563
1942 151.658054352 298.271377563
1943 151.658054352 298.271377563
1944 151.658054352 298.271377563
1945 147.236635208 298.287017822
