2.0	153.964
4.0	71.492
6.0	47.866
8.0	49.787
10.0	54.043
12.0	55.023
14.0	56.463
16.0	58.272
18.0	58.71
20.0	59.08
22.0	58.25
24.0	57.733
26.0	56.55
28.0	58.679
30.0	58.343
32.0	59.551
34.0	58.345
36.0	61.749
38.0	58.345
40.0	57.82
42.0	61.758
44.0	58.095
46.0	59.672
48.0	56.622
50.0	60.182
52.0	59.106
54.0	60.706
56.0	58.129
58.0	63.552
60.0	56.67
62.0	58.588
64.0	59.789
66.0	59.842
68.0	60.764
70.0	58.627
72.0	59.312
74.0	58.494
76.0	59.863
78.0	60.599
80.0	58.382
82.0	57.842
84.0	60.857
86.0	59.079
88.0	58.634
90.0	59.454
92.0	59.48
94.0	59.572
96.0	60.121
98.0	58.994
100.0	58.862
102.0	59.052
104.0	59.208
106.0	59.643
108.0	59.591
110.0	58.444
112.0	59.832
114.0	59.322
116.0	60.696
118.0	59.01
120.0	58.931
122.0	59.005
124.0	59.823
126.0	59.619
128.0	57.778
130.0	59.299
132.0	59.913
134.0	58.975
136.0	58.656
138.0	58.594
140.0	61.969
142.0	57.275
144.0	58.765
146.0	59.418
148.0	59.243
150.0	59.551
152.0	59.931
154.0	57.784
156.0	58.819
158.0	58.354
160.0	61.322
162.0	58.704
164.0	57.386
166.0	59.796
168.0	59.715
170.0	59.594
172.0	58.029
174.0	57.727
176.0	59.872
178.0	60.392
180.0	57.821
182.0	57.851
184.0	59.024
186.0	59.221
188.0	57.975
190.0	57.874
192.0	54.499
194.0	59.72
196.0	57.106
198.0	56.631
200.0	56.551
202.0	56.326
204.0	58.783
206.0	55.796
208.0	56.766
210.0	57.067
212.0	57.964
214.0	57.171
216.0	56.834
218.0	58.287
220.0	56.341
222.0	54.834
224.0	58.757
226.0	57.371
228.0	56.144
230.0	56.424
232.0	56.834
234.0	57.377
236.0	55.869
238.0	57.67
240.0	57.72
242.0	55.928
244.0	58.464
246.0	56.764
248.0	57.305
250.0	56.504
252.0	56.269
254.0	57.477
256.0	57.546
258.0	56.319
260.0	57.041
262.0	55.671
264.0	57.361
266.0	54.38
268.0	61.821
270.0	57.479
272.0	55.576
274.0	57.175
276.0	55.996
278.0	57.482
280.0	56.228
282.0	56.437
284.0	58.106
286.0	56.277
288.0	57.847
290.0	56.132
292.0	57.075
294.0	56.982
296.0	57.127
298.0	54.252
300.0	57.999
302.0	58.973
304.0	56.55
306.0	58.861
308.0	54.298
310.0	57.604
312.0	57.032
314.0	56.379
316.0	58.069
318.0	54.29
320.0	58.044
322.0	58.068
324.0	57.475
326.0	56.53
328.0	55.975
330.0	57.489
332.0	57.5
334.0	58.043
336.0	56.582
338.0	56.695
340.0	54.31
342.0	58.531
344.0	56.617
346.0	56.655
348.0	56.933
350.0	59.061
352.0	55.734
354.0	57.99
356.0	55.917
358.0	56.801
360.0	56.927
362.0	56.792
364.0	56.333
366.0	56.841
368.0	57.887
370.0	56.589
372.0	57.281
374.0	56.599
376.0	57.745
378.0	54.995
380.0	59.168
382.0	56.74
384.0	55.318
386.0	58.568
388.0	54.945
390.0	58.485
392.0	57.856
394.0	54.806
396.0	58.453
398.0	56.155
400.0	57.534
402.0	56.106
404.0	56.939
406.0	57.427
408.0	55.573
410.0	57.765
412.0	56.911
414.0	55.731
416.0	58.712
418.0	56.562
420.0	55.805
422.0	57.154
424.0	57.003
426.0	57.542
428.0	56.272
430.0	56.5
432.0	56.845
434.0	55.463
436.0	55.014
438.0	52.089
440.0	58.347
442.0	56.098
444.0	55.102
446.0	54.639
448.0	55.53
450.0	53.888
452.0	55.715
454.0	55.024
456.0	54.169
458.0	57.25
460.0	54.399
462.0	54.706
464.0	54.819
466.0	54.913
468.0	55.603
470.0	54.345
472.0	50.017
474.0	60.808
476.0	54.896
478.0	54.084
480.0	55.176
482.0	54.704
484.0	53.769
486.0	56.388
488.0	53.946
490.0	55.038
492.0	55.201
494.0	54.85
496.0	54.422
498.0	55.511
500.0	54.615
502.0	56.133
504.0	53.428
506.0	53.478
508.0	57.852
510.0	54.508
512.0	55.571
514.0	54.152
516.0	54.787
518.0	55.295
520.0	52.8
522.0	56.686
524.0	55.252
526.0	54.785
528.0	54.654
530.0	55.26
532.0	56.027
534.0	55.748
536.0	54.146
538.0	54.857
540.0	57.024
542.0	53.842
544.0	54.579
546.0	55.841
548.0	54.344
550.0	56.663
552.0	54.992
554.0	56.063
556.0	54.391
558.0	50.574
560.0	60.639
562.0	54.485
564.0	55.369
566.0	54.761
568.0	54.836
570.0	55.177
572.0	54.942
574.0	53.049
576.0	57.478
578.0	55.042
580.0	56.027
582.0	54.361
584.0	54.199
586.0	56.084
588.0	56.0
590.0	53.796
592.0	54.445
594.0	57.445
596.0	52.689
598.0	57.34
600.0	54.347
602.0	53.078
604.0	57.92
606.0	49.995
608.0	60.041
610.0	54.062
612.0	56.138
614.0	54.902
616.0	55.419
618.0	54.7
620.0	54.372
622.0	56.812
624.0	53.286
626.0	55.652
628.0	54.912
630.0	57.932
632.0	51.077
634.0	57.543
636.0	51.752
638.0	57.555
640.0	55.14
642.0	55.492
644.0	56.713
646.0	53.866
648.0	54.517
650.0	57.321
652.0	53.794
654.0	53.286
656.0	55.362
658.0	53.928
660.0	58.92
662.0	51.101
664.0	57.75
666.0	52.411
668.0	57.684
670.0	55.926
672.0	54.558
674.0	54.29
676.0	54.897
678.0	54.521
680.0	56.284
682.0	54.89
684.0	51.465
686.0	58.437
688.0	54.555
690.0	55.494
692.0	54.467
694.0	54.122
696.0	54.944
698.0	56.132
700.0	55.751
702.0	54.994
704.0	53.035
706.0	54.854
708.0	56.387
710.0	54.957
712.0	55.221
714.0	52.173
716.0	56.662
718.0	55.433
720.0	54.137
722.0	55.029
724.0	55.414
726.0	55.25
728.0	55.448
730.0	53.02
732.0	56.268
734.0	56.609
736.0	50.623
738.0	58.936
740.0	54.198
742.0	54.442
744.0	54.78
746.0	55.822
748.0	52.686
750.0	55.218
752.0	55.822
754.0	55.437
756.0	54.241
758.0	56.156
760.0	55.627
762.0	52.024
764.0	57.478
766.0	53.38
768.0	55.848
770.0	55.001
772.0	55.081
774.0	55.174
776.0	55.114
778.0	54.23
780.0	55.495
782.0	54.421
784.0	55.479
786.0	54.905
788.0	52.274
790.0	57.802
792.0	54.9
794.0	54.204
796.0	54.669
798.0	55.757
800.0	54.26
802.0	54.997
804.0	54.708
806.0	55.707
808.0	55.496
810.0	53.322
812.0	55.056
814.0	53.204
816.0	57.506
818.0	53.576
820.0	56.674
822.0	54.003
824.0	52.159
826.0	57.903
828.0	55.052
830.0	53.811
832.0	54.82
834.0	55.745
836.0	54.716
838.0	54.861
840.0	54.516
842.0	56.037
844.0	54.583
846.0	53.545
848.0	57.159
850.0	53.943
852.0	54.277
854.0	55.705
856.0	54.768
858.0	53.107
860.0	56.119
862.0	55.141
864.0	54.416
866.0	54.218
868.0	57.1
870.0	53.754
872.0	54.145
874.0	56.026
876.0	56.555
878.0	53.962
880.0	54.844
882.0	53.956
884.0	55.574
886.0	54.671
888.0	54.435
890.0	56.166
892.0	53.077
894.0	55.231
896.0	55.018
898.0	54.821
900.0	55.963
902.0	53.86
904.0	55.443
906.0	54.936
908.0	54.875
910.0	55.087
912.0	53.138
914.0	55.567
916.0	54.363
918.0	54.957
920.0	54.864
922.0	54.575
924.0	54.766
926.0	55.397
928.0	55.746
930.0	55.003
932.0	54.943
934.0	52.701
936.0	56.249
938.0	55.057
940.0	54.775
942.0	54.029
944.0	56.246
946.0	55.131
948.0	50.319
950.0	58.612
952.0	53.573
954.0	56.129
956.0	53.843
958.0	55.132
960.0	54.184
962.0	55.897
964.0	54.697
966.0	54.94
968.0	53.945
970.0	55.939
972.0	53.702
974.0	54.413
976.0	54.739
978.0	55.118
980.0	55.471
982.0	54.363
984.0	55.263
986.0	54.773
988.0	56.115
990.0	54.52
992.0	54.368
994.0	53.659
996.0	55.71
998.0	56.064
1000.0	53.52
1002.0	55.823
1004.0	53.161
1006.0	55.724
1008.0	54.435
1010.0	55.125
1012.0	54.541
1014.0	54.91
1016.0	53.646
1018.0	55.946
1020.0	55.599
1022.0	51.995
1024.0	51.583
1026.0	58.095
1028.0	55.394
1030.0	54.653
1032.0	54.036
1034.0	55.378
1036.0	54.49
1038.0	54.818
1040.0	53.83
1042.0	53.328
1044.0	55.433
1046.0	55.563
1048.0	54.559
1050.0	53.615
1052.0	54.27
1054.0	56.083
1056.0	53.192
1058.0	55.377
1060.0	53.798
1062.0	55.412
1064.0	53.78
1066.0	54.557
1068.0	55.232
1070.0	55.286
1072.0	53.445
1074.0	54.23
1076.0	52.436
1078.0	49.706
1080.0	49.957
1082.0	46.939
1084.0	43.732
1086.0	50.934
1088.0	44.98
1090.0	45.484
1092.0	46.815
1094.0	45.179
1096.0	43.098
1098.0	46.689
1100.0	44.854
1102.0	44.36
1104.0	43.712
1106.0	45.346
1108.0	41.606
1110.0	42.937
1112.0	42.652
1114.0	42.063
1116.0	43.473
1118.0	41.841
1120.0	37.717
1122.0	44.832
1124.0	40.957
1126.0	40.777
1128.0	41.129
1130.0	40.349
1132.0	39.21
1134.0	39.657
1136.0	39.286
1138.0	39.693
1140.0	40.514
1142.0	38.446
1144.0	38.309
1146.0	38.628
1148.0	37.996
1150.0	38.432
1152.0	38.047
1154.0	38.183
1156.0	38.562
1158.0	37.873
1160.0	33.82
1162.0	40.429
1164.0	37.466
1166.0	36.626
1168.0	35.917
1170.0	37.627
1172.0	36.166
1174.0	36.145
1176.0	36.17
1178.0	35.618
1180.0	36.868
1182.0	36.0
1184.0	34.91
1186.0	35.99
1188.0	35.778
1190.0	35.507
1192.0	36.014
1194.0	35.26
1196.0	35.907
1198.0	34.933
1200.0	35.795
