341 129.975578308 130.033065796
342 129.975578308 130.033065796
343 129.975578308 130.033065796
344 129.975578308 130.033065796
345 129.975578308 130.033065796
346 129.975578308 130.033065796
347 129.975578308 130.033065796
348 129.975578308 130.033065796
349 129.975578308 130.033065796
350 129.975578308 130.033065796
351 129.975578308 130.033065796
352 133.541557312 133.5990448
353 133.557197571 133.614685059
354 133.557197571 133.614685059
355 133.57283783 133.630325318
356 133.57283783 133.630325318
357 133.57283783 133.630325318
358 133.57283783 133.630325318
359 133.57283783 133.630325318
360 133.522613526 133.630325318
361 133.522613526 133.630325318
362 133.522613526 133.630325318
363 133.522613526 133.630325318
364 133.522613526 133.630325318
365 133.522613526 133.630325318
366 133.522613526 133.630325318
367 133.522613526 133.630325318
368 133.522613526 133.630325318
369 133.522613526 133.630325318
370 133.522613526 133.630325318
371 134.163864136 134.271575928
372 135.383804322 135.491516114
373 135.383804322 135.491516114
374 135.383804322 135.491516114
375 135.383804322 135.491516114
376 135.383804322 135.491516114
377 135.383804322 135.491516114
378 135.383804322 135.491516114
379 135.383804322 135.491516114
380 135.383804322 135.491516114
381 135.383804322 135.491516114
382 135.383804322 135.491516114
383 135.383804322 135.491516114
384 135.383804322 135.491516114
385 135.383804322 135.491516114
386 135.383804322 135.491516114
387 137.08859253 137.196304322
388 137.104232788 137.21194458
389 137.135513306 137.243225098
390 129.76896286 137.243225098
391 129.76896286 137.243225098
392 129.76896286 137.243225098
393 129.76896286 137.243225098
394 129.76896286 137.243225098
395 129.76896286 137.243225098
396 129.76896286 137.243225098
397 129.76896286 137.243225098
398 129.76896286 137.243225098
399 129.76896286 137.243225098
400 130.5509758 138.025238037
401 130.5509758 138.025238037
402 130.5509758 138.025238037
403 130.5509758 138.025238037
404 130.5509758 138.025238037
405 130.566616059 138.040878296
406 130.566616059 138.040878296
407 130.566616059 138.040878296
408 131.536312104 139.010574341
409 131.536312104 139.010574341
410 131.567592621 139.041854858
411 131.567592621 139.041854858
412 131.567592621 139.041854858
413 131.567592621 139.041854858
414 131.567592621 139.041854858
415 131.567592621 139.041854858
416 131.567592621 139.041854858
417 132.521648407 139.995910644
418 132.537288666 140.011550903
419 132.537288666 140.011550903
420 132.532043457 140.011550903
421 132.532043457 140.011550903
422 132.532043457 140.011550903
423 132.532043457 140.011550903
424 132.532043457 140.011550903
425 132.532043457 140.011550903
426 134.283752441 141.763259888
427 134.283752441 141.763259888
428 134.283752441 141.763259888
429 134.283752441 141.763259888
430 134.283752441 141.763259888
431 134.283752441 141.763259888
432 134.283752441 141.763259888
433 134.2993927 141.778900146
434 134.2993927 141.778900146
435 134.2993927 141.778900146
436 134.2993927 141.778900146
437 134.315032959 141.794540405
438 134.315032959 141.794540405
439 134.315032959 141.794540405
440 135.503692627 142.983200073
441 135.503692627 142.983200073
442 135.503692627 142.983200073
443 135.503692627 142.983200073
444 135.503692627 142.983200073
445 135.503692627 142.983200073
446 135.503692627 142.983200073
447 135.503692627 142.983200073
448 135.534973145 143.01448059
449 135.534973145 143.01448059
450 135.532733917 143.01448059
451 135.532733917 143.01448059
452 135.532733917 143.01448059
453 135.532733917 143.01448059
454 135.532733917 143.01448059
455 136.048862457 143.53060913
456 136.064502716 143.546249389
457 136.064502716 143.546249389
458 136.064502716 143.546249389
459 136.064502716 143.546249389
460 136.064502716 143.546249389
461 136.39294815 143.874694824
462 136.39294815 143.874694824
463 136.39294815 143.874694824
464 136.39294815 143.874694824
465 136.39294815 143.874694824
466 136.916563034 144.390823364
467 136.916563034 144.390823364
468 136.916563034 144.390823364
469 136.916563034 144.390823364
470 136.932203293 144.406463623
471 137.338850021 144.813110352
472 137.338850021 144.813110352
473 137.338850021 144.813110352
474 137.338850021 144.813110352
475 137.338850021 144.813110352
476 137.968366623 145.442626953
477 137.999647141 145.473907471
478 137.999647141 145.473907471
479 137.999647141 145.473907471
480 137.998620987 145.473907471
481 137.998620987 145.473907471
482 138.874475479 146.349761962
483 138.874475479 146.349761962
484 138.874475479 146.349761962
485 138.874475479 146.349761962
486 138.874475479 146.349761962
487 138.952676773 146.427963256
488 138.952676773 146.427963256
489 138.952676773 146.427963256
490 138.952676773 146.427963256
491 138.952676773 146.427963256
492 139.468805313 146.944091796
493 139.468805313 146.944091796
494 139.468805313 146.944091796
495 139.468805313 146.944091796
496 139.468805313 146.944091796
497 140.219537735 147.694824218
498 140.235177994 147.710464477
499 140.250818252 147.726104736
500 140.250818252 147.726104736
501 140.250818252 147.726104736
502 140.28209877 147.757385254
503 140.28209877 147.757385254
504 140.28209877 147.757385254
505 140.28209877 147.757385254
506 140.860788345 148.336074829
507 140.876428604 148.351715088
508 140.876428604 148.351715088
509 140.876428604 148.351715088
510 140.8757267 148.351715088
511 140.8757267 148.351715088
512 141.407495499 148.883483887
513 141.407495499 148.883483887
514 141.407495499 148.883483887
515 141.407495499 148.883483887
516 141.407495499 148.883483887
517 141.845422745 149.321411133
518 142.283349991 149.759338379
519 142.283349991 149.759338379
520 142.283349991 149.759338379
521 142.283349991 149.759338379
522 142.283349991 149.759338379
523 142.42411232 149.900100708
524 142.42411232 149.900100708
525 142.42411232 149.900100708
526 142.439752579 149.915740967
527 142.439752579 149.915740967
528 142.908960343 150.384948731
529 142.908960343 150.384948731
530 142.908960343 150.384948731
531 142.908960343 150.384948731
532 142.908960343 150.384948731
533 143.518930436 150.994918824
534 143.534570694 151.010559082
535 143.534570694 151.010559082
536 143.534570694 151.010559082
537 143.534570694 151.010559082
538 144.019418716 151.495407104
539 144.019418716 151.495407104
540 143.895778656 151.495407104
541 143.895778656 151.495407104
542 143.895778656 151.495407104
543 143.895778656 151.495407104
544 144.427547455 152.027175903
545 144.427547455 152.027175903
546 144.427547455 152.027175903
547 144.427547455 152.027175903
548 144.427547455 152.027175903
549 145.00623703 152.605865478
550 145.00623703 152.605865478
551 145.00623703 152.605865478
552 145.00623703 152.605865478
553 145.00623703 152.605865478
554 145.475444794 153.075073242
555 145.491085053 153.090713501
556 145.491085053 153.090713501
557 145.491085053 153.090713501
558 145.491085053 153.090713501
559 145.929012299 153.528640747
560 145.929012299 153.528640747
561 145.929012299 153.528640747
562 145.929012299 153.528640747
563 145.929012299 153.528640747
564 146.413860321 154.01348877
565 146.413860321 154.01348877
566 146.413860321 154.01348877
567 146.429500579 154.029129029
568 146.429500579 154.029129029
569 146.976909637 154.576538086
570 128.536842346 154.576538086
571 128.536842346 154.576538086
572 128.536842346 154.576538086
573 128.536842346 154.576538086
574 129.021690368 155.061386109
575 129.021690368 155.061386109
576 129.021690368 155.061386109
577 129.021690368 155.061386109
578 129.037330627 155.077026367
579 129.037330627 155.077026367
580 129.553459168 155.593154907
581 129.553459168 155.593154907
582 129.553459168 155.593154907
583 129.553459168 155.593154907
584 129.553459168 155.593154907
585 130.16342926 156.203125
586 130.241630554 156.281326294
587 130.241630554 156.281326294
588 130.241630554 156.281326294
589 130.241630554 156.281326294
590 130.241630554 156.281326294
591 130.726478576 156.766174317
592 130.726478576 156.766174317
593 130.726478576 156.766174317
594 130.726478576 156.766174317
595 130.742118835 156.781814575
596 130.742118835 156.781814575
597 131.352088928 157.391784668
598 131.352088928 157.391784668
599 131.352088928 157.391784668
600 131.351156235 157.391784668
601 131.351156235 157.391784668
602 131.351156235 157.391784668
603 131.882925034 157.923553466
604 131.882925034 157.923553466
605 131.882925034 157.923553466
606 131.898565292 157.939193725
607 131.898565292 157.939193725
608 132.508535385 158.549163818
609 132.508535385 158.549163818
610 132.508535385 158.549163818
611 132.508535385 158.549163818
612 132.508535385 158.549163818
613 132.508535385 158.549163818
614 132.915182113 158.955810547
615 132.915182113 158.955810547
616 132.915182113 158.955810547
617 132.915182113 158.955810547
618 132.915182113 158.955810547
619 133.400030136 159.440658569
620 133.400030136 159.440658569
621 133.400030136 159.440658569
622 133.415670395 159.456298828
623 133.415670395 159.456298828
624 133.931798935 159.972427368
625 133.931798935 159.972427368
626 133.931798935 159.972427368
627 133.931798935 159.972427368
628 133.931798935 159.972427368
629 134.573049545 160.613677978
630 128.242877961 160.629318237
631 128.242877961 160.629318237
632 128.242877961 160.629318237
633 128.242877961 160.629318237
634 128.242877961 160.629318237
635 128.774646759 161.161087036
636 128.774646759 161.161087036
637 128.774646759 161.161087036
638 128.774646759 161.161087036
639 128.774646759 161.161087036
640 128.774646759 161.161087036
641 129.279041291 161.665481568
642 129.279041291 161.665481568
643 129.279041291 161.665481568
644 129.279041291 161.665481568
645 129.279041291 161.665481568
646 129.795169831 162.181610108
647 129.795169831 162.181610108
648 129.795169831 162.181610108
649 129.810810089 162.197250367
650 129.810810089 162.197250367
651 129.810810089 162.197250367
652 130.248737335 162.635177613
653 130.248737335 162.635177613
654 130.248737335 162.635177613
655 130.248737335 162.635177613
656 130.248737335 162.635177613
657 130.733585357 163.120025635
658 130.733585357 163.120025635
659 130.733585357 163.120025635
660 130.748697281 163.135665893
661 130.748697281 163.135665893
662 131.31035614 163.683074951
663 131.31035614 163.683074951
664 131.31035614 163.683074951
665 131.31035614 163.683074951
666 131.31035614 163.683074951
667 131.857765198 164.230484008
668 131.857765198 164.230484008
669 131.857765198 164.230484008
670 131.857765198 164.230484008
671 131.857765198 164.230484008
672 131.857765198 164.230484008
673 132.499015808 164.871734619
674 132.499015808 164.871734619
675 132.499015808 164.871734619
676 132.514656066 164.887374878
677 132.514656066 164.887374878
678 132.999504089 165.3722229
679 133.015144348 165.387863159
680 133.015144348 165.387863159
681 133.015144348 165.387863159
682 133.015144348 165.387863159
683 133.015144348 165.387863159
684 133.593833923 165.966552734
685 133.593833923 165.966552734
686 133.593833923 165.966552734
687 133.593833923 165.966552734
688 133.609474182 165.982192993
689 133.609474182 165.982192993
690 127.944316864 166.498321533
691 127.944316864 166.498321533
692 127.944316864 166.498321533
693 127.944316864 166.498321533
694 127.944316864 166.498321533
695 128.335323334 166.889328003
696 128.335323334 166.889328003
697 128.335323334 166.889328003
698 128.335323334 166.889328003
699 128.335323334 166.889328003
700 128.851451873 167.405456543
701 128.851451873 167.405456543
702 128.851451873 167.405456543
703 128.851451873 167.405456543
704 128.851451873 167.405456543
705 129.602184295 168.156188965
706 129.649105072 168.203109742
707 129.649105072 168.203109742
708 129.649105072 168.203109742
709 129.649105072 168.203109742
710 129.649105072 168.203109742
711 130.212154389 168.766159058
712 130.212154389 168.766159058
713 130.212154389 168.766159058
714 130.227794647 168.781799316
715 130.227794647 168.781799316
716 130.790843963 169.344848632
717 130.790843963 169.344848632
718 130.790843963 169.344848632
719 130.790843963 169.344848632
720 130.789226532 169.344848632
721 131.493038178 170.048660278
722 131.524318695 170.079940795
723 131.524318695 170.079940795
724 131.524318695 170.079940795
725 131.524318695 170.079940795
726 132.10300827 170.658630371
727 132.118648529 170.67427063
728 132.118648529 170.67427063
729 132.118648529 170.67427063
730 132.118648529 170.67427063
731 132.728618622 171.284240722
732 132.728618622 171.284240722
733 132.728618622 171.284240722
734 132.728618622 171.284240722
735 132.728618622 171.284240722
736 133.354228974 171.909851074
737 133.354228974 171.909851074
738 133.354228974 171.909851074
739 133.354228974 171.909851074
740 133.354228974 171.909851074
741 133.940206528 172.488540649
742 133.940206528 172.488540649
743 133.955846786 172.504180908
744 133.955846786 172.504180908
745 133.955846786 172.504180908
746 134.753499984 173.301834106
747 134.753499984 173.301834106
748 134.753499984 173.301834106
749 134.753499984 173.301834106
750 134.752578735 173.301834106
751 135.378189087 173.927444458
752 135.409469605 173.958724976
753 135.409469605 173.958724976
754 135.409469605 173.958724976
755 135.409469605 173.958724976
756 136.019439697 174.568695068
757 136.019439697 174.568695068
758 136.019439697 174.568695068
759 136.019439697 174.568695068
760 136.019439697 174.568695068
761 136.723251343 175.272506714
762 136.723251343 175.272506714
763 136.723251343 175.272506714
764 136.723251343 175.272506714
765 136.723251343 175.272506714
766 137.333221436 175.882476807
767 137.348861695 175.898117066
768 137.348861695 175.898117066
769 137.348861695 175.898117066
770 137.348861695 175.898117066
771 138.037033081 176.586288453
772 138.037033081 176.586288453
773 138.037033081 176.586288453
774 138.037033081 176.586288453
775 138.037033081 176.586288453
776 138.740844727 177.290100098
777 138.772125245 177.321380616
778 138.772125245 177.321380616
779 138.772125245 177.321380616
780 138.770282746 177.321380616
781 139.587482453 178.138580323
782 139.61876297 178.16986084
783 139.61876297 178.16986084
784 139.61876297 178.16986084
785 139.61876297 178.16986084
786 140.103610992 178.654708862
787 140.150531769 178.701629639
788 140.150531769 178.701629639
789 140.150531769 178.701629639
790 140.150531769 178.701629639
791 140.963825226 179.514923096
792 140.979465485 179.530563354
793 140.979465485 179.530563354
794 140.979465485 179.530563354
795 140.979465485 179.530563354
796 140.979465485 179.530563354
797 141.464313508 180.015411377
798 141.479953766 180.031051636
799 141.479953766 180.031051636
800 141.479953766 180.031051636
801 141.479953766 180.031051636
802 142.180299759 180.719223022
803 142.195940017 180.734863281
804 142.195940017 180.734863281
805 142.195940017 180.734863281
806 142.195940017 180.734863281
807 142.946672439 181.485595703
808 142.977952957 181.516876221
809 142.977952957 181.516876221
810 142.975366592 181.516876221
811 142.975366592 181.516876221
812 142.975366592 181.516876221
813 143.600976944 182.142486572
814 143.600976944 182.142486572
815 143.600976944 182.142486572
816 143.600976944 182.142486572
817 143.600976944 182.142486572
818 144.175949096 182.705535889
819 144.25415039 182.783737183
820 144.25415039 182.783737183
821 144.25415039 182.783737183
822 144.25415039 182.783737183
823 144.832839966 183.362426758
824 144.832839966 183.362426758
825 144.832839966 183.362426758
826 144.832839966 183.362426758
827 144.832839966 183.362426758
828 145.55229187 184.081878662
829 145.55229187 184.081878662
830 145.55229187 184.081878662
831 145.55229187 184.081878662
832 145.55229187 184.081878662
833 146.146621704 184.676208496
834 146.177902222 184.707489013
835 146.177902222 184.707489013
836 146.177902222 184.707489013
837 146.177902222 184.707489013
838 146.780138016 185.301818847
839 146.780138016 185.301818847
840 130.108510971 185.301818847
841 130.108510971 185.301818847
842 130.108510971 185.301818847
843 130.655920029 185.849227905
844 130.702840805 185.896148681
845 130.702840805 185.896148681
846 130.702840805 185.896148681
847 130.702840805 185.896148681
848 131.312810898 186.506118774
849 131.312810898 186.506118774
850 131.312810898 186.506118774
851 131.328451157 186.521759033
852 131.328451157 186.521759033
853 132.032262802 187.225570679
854 132.030326844 187.20993042
855 132.030326844 187.20993042
856 132.030326844 187.20993042
857 132.030326844 187.20993042
858 132.634506226 187.788619995
859 132.634506226 187.788619995
860 132.634506226 187.788619995
861 132.634506226 187.788619995
862 132.634506226 187.788619995
863 132.634506226 187.788619995
864 133.213195801 188.36730957
865 133.213195801 188.36730957
866 133.228836059 188.382949829
867 133.228836059 188.382949829
868 133.932647705 189.086761475
869 133.963928222 189.118041992
870 130.662017822 189.118041992
871 130.662017822 189.118041992
872 130.662017822 189.118041992
873 130.662017822 189.118041992
874 131.381469726 189.837493897
875 131.381469726 189.837493897
876 131.381469726 189.837493897
877 131.381469726 189.837493897
878 131.381469726 189.837493897
879 131.940820694 190.384902954
880 131.940820694 190.384902954
881 131.940820694 190.384902954
882 131.940820694 190.384902954
883 131.940820694 190.384902954
884 132.611572265 191.041793824
885 132.611572265 191.041793824
886 132.611572265 191.041793824
887 132.611572265 191.041793824
888 132.611572265 191.041793824
889 133.236291885 191.651763916
890 133.236291885 191.651763916
891 133.236291885 191.651763916
892 133.251932144 191.667404174
893 133.251932144 191.667404174
894 133.940103531 192.355575561
895 133.940103531 192.355575561
896 133.940103531 192.355575561
897 133.940103531 192.355575561
898 133.940103531 192.355575561
899 134.643915176 193.059387207
900 131.137262344 193.106307984
901 131.137262344 193.106307984
902 131.137262344 193.106307984
903 131.137262344 193.106307984
904 131.137262344 193.106307984
905 131.704217911 193.67326355
906 131.704217911 193.67326355
907 131.704217911 193.67326355
908 131.704217911 193.67326355
909 131.704217911 193.67326355
910 132.28094101 194.236312866
911 132.28094101 194.236312866
912 132.28094101 194.236312866
913 132.28094101 194.236312866
914 132.969112397 194.924484252
915 132.969112397 194.924484252
916 132.969112397 194.924484252
917 132.969112397 194.924484252
918 132.984752655 194.940124511
919 133.564296722 195.503173828
920 133.564296722 195.503173828
921 133.564296722 195.503173828
922 133.564296722 195.503173828
923 133.564296722 195.503173828
924 134.252468109 196.191345215
925 134.252468109 196.191345215
926 134.252468109 196.191345215
927 134.252468109 196.191345215
928 134.252468109 196.191345215
929 134.909358978 196.848236084
930 134.906169891 196.848236084
931 134.906169891 196.848236084
932 134.92181015 196.863876343
933 134.92181015 196.863876343
934 135.590742111 197.520767212
935 135.590742111 197.520767212
936 135.590742111 197.520767212
937 135.590742111 197.520767212
938 135.590742111 197.520767212
939 136.216352463 198.146377563
940 136.216352463 198.146377563
941 136.216352463 198.146377563
942 136.216352463 198.146377563
943 136.216352463 198.146377563
944 136.86762619 198.787628174
945 136.86762619 198.787628174
946 136.86762619 198.787628174
947 136.883266449 198.803268433
948 136.883266449 198.803268433
949 137.474794388 199.381958008
950 137.490434647 199.397598267
951 137.490434647 199.397598267
952 137.490434647 199.397598267
953 137.490434647 199.397598267
954 138.194246292 200.101409912
955 138.194246292 200.101409912
956 138.194246292 200.101409912
957 138.194246292 200.101409912
958 138.194246292 200.101409912
959 138.86677742 200.77394104
960 132.099584579 200.77394104
961 132.099584579 200.77394104
962 132.115224838 200.789581299
963 132.115224838 200.789581299
964 132.723051071 201.383911133
965 132.73869133 201.399551392
966 132.73869133 201.399551392
967 132.73869133 201.399551392
968 132.73869133 201.399551392
969 132.73869133 201.399551392
970 133.452238083 202.087722778
971 133.452238083 202.087722778
972 133.452238083 202.087722778
973 133.452238083 202.087722778
974 133.452238083 202.087722778
975 134.059188843 202.682052612
976 134.059188843 202.682052612
977 134.059188843 202.682052612
978 134.059188843 202.682052612
979 134.059188843 202.682052612
980 134.637878418 203.260742187
981 134.653518677 203.276382446
982 134.653518677 203.276382446
983 134.653518677 203.276382446
984 134.653518677 203.276382446
985 135.478523255 204.089675903
986 135.478523255 204.089675903
987 135.478523255 204.089675903
988 135.478523255 204.089675903
989 135.494163513 204.105316162
990 135.494163513 204.105316162
991 136.260536193 204.871688843
992 136.258787155 204.856048584
993 136.258787155 204.856048584
994 136.258787155 204.856048584
995 136.258787155 204.856048584
996 136.258787155 204.856048584
997 136.872024536 205.450378418
998 136.872024536 205.450378418
999 136.872024536 205.450378418
1000 136.872024536 205.450378418
1001 136.887664795 205.466018677
1002 137.575836181 206.154190064
1003 137.575836181 206.154190064
1004 137.575836181 206.154190064
1005 137.575836181 206.154190064
1006 137.575836181 206.154190064
1007 138.201446533 206.779800415
1008 138.217086792 206.795440674
1009 138.217086792 206.795440674
1010 138.217086792 206.795440674
1011 138.217086792 206.795440674
1012 138.217086792 206.795440674
1013 138.940910339 207.499252319
1014 138.940910339 207.499252319
1015 138.940910339 207.499252319
1016 138.940910339 207.499252319
1017 138.956550598 207.514892578
1018 139.722923279 208.281265259
1019 139.722923279 208.281265259
1020 133.162445069 208.281265259
1021 133.162445069 208.281265259
1022 133.162445069 208.281265259
1023 133.162445069 208.281265259
1024 133.809541703 208.922515869
1025 133.825181962 208.938156127
1026 133.825181962 208.938156127
1027 133.825181962 208.938156127
1028 133.825181962 208.938156127
1029 134.623161316 209.724075317
1030 134.623161316 209.724075317
1031 134.623161316 209.724075317
1032 134.623161316 209.724075317
1033 134.638801574 209.739715576
1034 134.638801574 209.739715576
1035 135.264411926 210.365325927
1036 135.264411926 210.365325927
1037 135.264411926 210.365325927
1038 135.264411926 210.365325927
1039 135.264411926 210.365325927
1040 135.264411926 210.365325927
1041 135.936943054 211.037857055
1042 135.936943054 211.037857055
1043 135.936943054 211.037857055
1044 135.936943054 211.037857055
1045 135.952583313 211.053497314
1046 136.649917602 211.741668701
1047 136.649917602 211.741668701
1048 136.649917602 211.741668701
1049 136.649917602 211.741668701
1050 136.638858795 211.741668701
1051 136.638858795 211.741668701
1052 137.217548371 212.320358276
1053 137.217548371 212.320358276
1054 137.217548371 212.320358276
1055 137.217548371 212.320358276
1056 137.217548371 212.320358276
1057 137.896026612 212.977249145
1058 137.896026612 212.977249145
1059 137.896026612 212.977249145
1060 137.911666871 212.992889404
1061 137.911666871 212.992889404
1062 138.500074387 213.57157898
1063 138.500074387 213.57157898
1064 138.500074387 213.57157898
1065 138.500074387 213.57157898
1066 138.500074387 213.57157898
1067 138.500074387 213.57157898
1068 139.087833405 214.150268555
1069 139.087833405 214.150268555
1070 139.087833405 214.150268555
1071 139.087833405 214.150268555
1072 139.087833405 214.150268555
1073 139.91636467 214.963562012
1074 139.91636467 214.963562012
1075 139.91636467 214.963562012
1076 139.932004928 214.979202271
1077 139.932004928 214.979202271
1078 139.932004928 214.979202271
1079 140.566749572 215.604812622
1080 134.064109802 215.604812622
1081 134.064109802 215.604812622
1082 134.064109802 215.604812622
1083 134.064109802 215.604812622
1084 134.752281189 216.292984009
1085 135.205848694 216.746551514
1086 135.205848694 216.746551514
1087 135.205848694 216.746551514
1088 135.221488953 216.762191772
1089 135.221488953 216.762191772
1090 135.362251282 216.902954101
1091 135.362251282 216.902954101
1092 135.362251282 216.902954101
1093 135.362251282 216.902954101
1094 135.362251282 216.902954101
1095 136.081703186 217.622406005
1096 136.081703186 217.622406005
1097 136.081703186 217.622406005
1098 136.081703186 217.622406005
1099 136.081703186 217.622406005
1100 136.081703186 217.622406005
1101 136.668588638 218.201095581
1102 136.668588638 218.201095581
1103 136.668588638 218.201095581
1104 136.684228897 218.21673584
1105 136.684228897 218.21673584
1106 137.256557465 218.779785156
1107 137.249908447 218.764144897
1108 137.249908447 218.764144897
1109 137.249908447 218.764144897
1110 137.228349685 218.764144897
1111 137.963441848 219.49923706
1112 137.979082107 219.514877319
1113 137.979082107 219.514877319
1114 137.979082107 219.514877319
1115 137.994722366 219.530517578
1116 138.544164658 220.077926636
1117 138.544164658 220.077926636
1118 138.544164658 220.077926636
1119 138.544164658 220.077926636
1120 138.544164658 220.077926636
1121 138.544164658 220.077926636
1122 139.201055527 220.734817505
1123 139.201055527 220.734817505
1124 139.201055527 220.734817505
1125 139.201055527 220.734817505
1126 139.201055527 220.734817505
1127 139.793783188 221.297866822
1128 139.793783188 221.297866822
1129 139.793783188 221.297866822
1130 139.809423447 221.313507081
1131 139.809423447 221.313507081
1132 140.539604187 222.032958985
1133 140.549877166 222.032958984
1134 140.549877166 222.032958984
1135 140.549877166 222.032958984
1136 140.549877166 222.032958984
1137 140.549877166 222.032958984
1138 141.15353775 222.611648559
1139 141.15353775 222.611648559
1140 141.138069153 222.611648559
1141 141.138069153 222.611648559
1142 141.138069153 222.611648559
1143 141.917224884 223.37802124
1144 141.948505402 223.409301758
1145 141.948505402 223.409301758
1146 141.948505402 223.409301758
1147 141.948505402 223.409301758
1148 141.948505402 223.409301758
1149 142.542835236 224.003631592
1150 142.542835236 224.003631592
1151 142.542835236 224.003631592
1152 142.542835236 224.003631592
1153 142.542835236 224.003631592
1154 143.147397995 224.597961426
1155 143.147397995 224.597961426
1156 143.147397995 224.597961426
1157 143.147397995 224.597961426
1158 143.163038253 224.613601685
1159 143.786682128 225.223571778
1160 143.802322387 225.239212036
1161 143.802322387 225.239212036
1162 143.802322387 225.239212036
1163 143.802322387 225.239212036
1164 144.510040283 225.946929932
1165 144.525680542 225.962570191
1166 144.525680542 225.962570191
1167 144.525680542 225.962570191
1168 144.525680542 225.962570191
1169 144.525680542 225.962570191
1170 135.45958519 226.6038208
1171 135.45958519 226.6038208
1172 135.45958519 226.6038208
1173 135.45958519 226.6038208
1174 135.45958519 226.6038208
1175 136.069555282 227.213790893
1176 136.069555282 227.213790893
1177 136.069555282 227.213790893
1178 136.069555282 227.213790893
1179 136.069555282 227.213790893
1180 136.069555282 227.213790893
1181 136.655059814 227.77684021
1182 136.655059814 227.77684021
1183 136.655059814 227.77684021
1184 136.655059814 227.77684021
1185 136.655059814 227.77684021
1186 137.424901962 228.511932373
1187 137.440542221 228.527572632
1188 137.440542221 228.527572632
1189 137.440542221 228.527572632
1190 137.440542221 228.527572632
1191 137.440542221 228.527572632
1192 138.067754746 229.137542725
1193 138.067754746 229.137542725
1194 138.067754746 229.137542725
1195 138.067754746 229.137542725
1196 138.067754746 229.137542725
1197 138.612579346 229.638031006
1198 138.612579346 229.638031006
1199 138.612579346 229.638031006
1200 138.59426117 229.638031006
1201 138.59426117 229.638031006
1202 139.265874863 230.294921875
1203 139.29715538 230.326202393
1204 139.29715538 230.326202393
1205 139.29715538 230.326202393
1206 139.29715538 230.326202393
1207 139.848472595 230.873611451
1208 139.848472595 230.873611451
1209 139.848472595 230.873611451
1210 139.848472595 230.873611451
1211 139.848472595 230.873611451
1212 140.567007064 231.561782837
1213 140.567007064 231.561782837
1214 140.567007064 231.561782837
1215 140.567007064 231.561782837
1216 140.582647323 231.577423095
1217 140.582647323 231.577423095
1218 141.998973847 232.985046386
1219 141.998973847 232.985046386
1220 141.998973847 232.985046386
1221 141.998973847 232.985046386
1222 141.998973847 232.985046386
1223 142.014614105 233.000686645
1224 142.013450623 232.985046386
1225 142.013450623 232.985046386
1226 142.013450623 232.985046386
1227 142.013450623 232.985046386
1228 142.43573761 233.407333374
1229 142.43573761 233.407333374
1230 136.16368103 233.407333374
1231 136.16368103 233.407333374
1232 136.179321289 233.422973633
1233 136.758010864 234.001663208
1234 136.757463455 233.986022949
1235 136.757463455 233.986022949
1236 136.757463455 233.986022949
1237 136.757463455 233.986022949
1238 137.58531189 234.799316406
1239 137.584527969 234.783676147
1240 137.584527969 234.783676147
1241 137.584527969 234.783676147
1242 137.584527969 234.783676147
1243 137.584527969 234.783676147
1244 138.092542648 235.26852417
1245 138.108182907 235.284164429
1246 138.108182907 235.284164429
1247 138.123823166 235.299804688
1248 138.123823166 235.299804688
1249 138.123823166 235.299804688
1250 138.798156738 235.941055297
1251 138.798156738 235.941055297
1252 138.798156738 235.941055297
1253 138.798156738 235.941055297
1254 138.798156738 235.941055297
1255 139.325998306 236.441543579
1256 139.325998306 236.441543579
1257 139.325998306 236.441543579
1258 139.325998306 236.441543579
1259 139.341638565 236.457183838
1260 136.670850754 237.254837036
1261 136.676704407 237.254837036
1262 136.676704407 237.254837036
1263 136.676704407 237.254837036
1264 136.676704407 237.254837036
1265 136.676704407 237.254837036
1266 137.333595276 237.911727905
1267 137.489997864 238.068130493
1268 137.489997864 238.068130493
1269 137.489997864 238.068130493
1270 137.489997864 238.068130493
1271 137.489997864 238.068130493
1272 138.014009476 238.552978516
1273 138.014009476 238.552978516
1274 138.014009476 238.552978516
1275 138.029649735 238.568618775
1276 138.029649735 238.568618775
1277 138.766941071 239.27243042
1278 138.766941071 239.27243042
1279 138.766941071 239.27243042
1280 138.766941071 239.27243042
1281 138.766941071 239.27243042
1282 138.766941071 239.27243042
1283 139.453145981 239.944961548
1284 139.453145981 239.944961548
1285 139.453145981 239.944961548
1286 139.453145981 239.944961548
1287 139.453145981 239.944961548
1288 140.031785965 240.508010864
1289 140.031785965 240.508010864
1290 140.004749298 240.508010864
1291 140.020389557 240.523651123
1292 140.020389557 240.523651123
1293 140.656370163 241.121887207
1294 140.656370163 241.121887207
1295 140.656370163 241.121887207
1296 140.656370163 241.121887207
1297 140.656370163 241.121887207
1298 141.401454926 241.841339112
1299 141.415624618 241.841339111
1300 141.415624618 241.841339111
1301 141.415624618 241.841339111
1302 141.415624618 241.841339111
1303 141.415624618 241.841339111
1304 142.046949386 242.451309204
1305 142.038215637 242.404388427
1306 142.038215637 242.404388427
1307 142.038215637 242.404388427
1308 142.038215637 242.404388427
1309 142.616905212 242.983078003
1310 142.632545471 242.998718262
1311 142.632545471 242.998718262
1312 142.632545471 242.998718262
1313 142.632545471 242.998718262
1314 142.632545471 242.998718262
1315 143.420179367 243.718170166
1316 143.420179367 243.718170166
1317 143.420179367 243.718170166
1318 143.435819626 243.733810425
1319 143.435819626 243.733810425
1320 137.555850983 244.484542847
1321 137.554273605 244.43762207
1322 137.554273605 244.43762207
1323 137.554273605 244.43762207
1324 137.554273605 244.43762207
1325 137.554273605 244.43762207
1326 137.554273605 244.43762207
1327 138.318553925 245.141433716
1328 138.318553925 245.141433716
1329 138.318553925 245.141433716
1330 138.318553925 245.141433716
1331 138.318553925 245.141433716
1332 138.318553925 245.141433716
1333 138.928524018 245.751403809
1334 138.920682907 245.73576355
1335 138.920682907 245.73576355
1336 138.936323166 245.751403809
1337 138.936323166 245.751403809
1338 138.936323166 245.751403809
1339 139.577745438 246.377014161
1340 139.577745438 246.377014161
1341 139.577745438 246.377014161
1342 139.577745438 246.377014161
1343 139.577745438 246.377014161
1344 139.577745438 246.377014161
1345 140.281557084 247.080825806
1346 140.281557084 247.080825806
1347 140.281557084 247.080825806
1348 140.281557084 247.080825806
1349 140.297197342 247.096466064
1350 140.297197342 247.096466064
1351 140.297197342 247.096466064
1352 141.079210281 247.878479004
1353 141.088615417 247.878479004
1354 141.088615417 247.878479004
1355 141.088615417 247.878479004
1356 141.088615417 247.878479004
1357 141.088615417 247.878479004
1358 141.088615417 247.878479004
1359 141.716485977 248.488449097
1360 141.705947876 248.472808838
1361 141.705947876 248.472808838
1362 141.705947876 248.472808838
1363 141.705947876 248.472808838
1364 141.705947876 248.472808838
1365 141.705947876 248.472808838
1366 142.477243423 249.239181518
1367 142.4765625 249.22354126
1368 142.4765625 249.22354126
1369 142.4765625 249.22354126
1370 142.492202759 249.239181519
1371 142.492202759 249.239181519
1372 142.492202759 249.239181519
1373 143.257997513 249.974273682
1374 143.267599106 249.974273682
1375 143.267599106 249.974273682
1376 143.267599106 249.974273682
1377 143.267599106 249.974273682
1378 143.267599106 249.974273682
1379 143.267599106 249.974273682
1380 143.267599106 249.974273682
1381 143.913429261 250.568603516
1382 143.913429261 250.568603516
1383 143.913429261 250.568603516
1384 143.913429261 250.568603516
1385 143.92906952 250.584243774
1386 143.92906952 250.584243774
1387 143.92906952 250.584243774
1388 144.813362122 251.444458007
1389 144.828794479 251.444458008
1390 144.828794479 251.444458008
1391 144.828794479 251.444458008
1392 144.828794479 251.444458008
1393 144.828794479 251.444458008
1394 144.828794479 251.444458008
1395 144.828794479 251.444458008
1396 145.630086899 252.226470947
1397 145.660827636 252.242111206
1398 145.660827636 252.242111206
1399 145.660827636 252.242111206
1400 145.660827636 252.242111206
1401 145.676467895 252.257751465
1402 145.676467895 252.257751465
1403 145.676467895 252.257751465
1404 146.553728104 253.086685181
1405 146.539655685 253.039764404
1406 146.539655685 253.039764404
1407 146.539655685 253.039764404
1408 146.539655685 253.039764404
1409 146.539655685 253.039764404
1410 146.539655685 253.039764404
1411 146.539655685 253.039764404
1412 147.430589676 253.899978638
1413 148.081861496 254.525588989
1414 148.081861496 254.525588989
1415 148.081861496 254.525588989
1416 148.081861496 254.525588989
1417 148.081861496 254.525588989
1418 148.097501755 254.541229248
1419 148.097501755 254.541229248
1420 148.097501755 254.541229248
1421 148.249357224 254.666351319
1422 148.249357224 254.666351319
1423 148.249357224 254.666351319
1424 148.249357224 254.666351319
1425 148.249357224 254.666351319
1426 148.249357224 254.666351319
1427 148.249357224 254.666351319
1428 148.249357224 254.666351319
1429 148.249357224 254.666351319
1430 149.338756561 255.714248657
1431 149.35439682 255.729888916
1432 149.35439682 255.729888916
1433 149.35439682 255.729888916
1434 149.35439682 255.729888916
1435 149.370037078 255.745529174
1436 149.370037078 255.745529174
1437 149.370037078 255.745529174
1438 150.132368087 256.468887329
1439 150.118400573 256.390686035
1440 138.709480286 256.390686035
1441 138.709480286 256.390686035
1442 138.709480286 256.390686035
1443 138.709480286 256.390686035
1444 138.709480286 256.390686035
1445 138.709480286 256.390686035
1446 138.709480286 256.390686035
1447 139.378362656 257.031936645
1448 139.455041885 257.078857422
1449 139.455041885 257.078857422
1450 139.455041885 257.078857422
1451 139.455041885 257.078857422
1452 139.455041885 257.078857422
1453 139.455041885 257.078857422
1454 139.455041885 257.078857422
1455 140.290813446 257.907791138
1456 140.288192749 257.87651062
1457 140.288192749 257.87651062
1458 140.288192749 257.87651062
1459 140.303833008 257.892150879
1460 140.303833008 257.892150879
1461 140.303833008 257.892150879
1462 140.303833008 257.892150879
1463 140.303833008 257.892150879
1464 141.091587066 258.627243042
1465 141.088411331 258.611602783
1466 141.088411331 258.611602783
1467 141.088411331 258.611602783
1468 141.088411331 258.611602783
1469 141.088411331 258.611602783
1470 141.088411331 258.611602783
1471 141.088411331 258.611602783
1472 141.814641952 259.29977417
1473 142.343473434 259.768981934
1474 142.343473434 259.768981934
1475 142.343473434 259.768981934
1476 142.343473434 259.768981934
1477 142.343473434 259.768981934
1478 142.343473434 259.768981934
1479 142.343473434 259.768981934
1480 142.593717575 260.019226074
1481 142.58741951 259.956665039
1482 142.58741951 259.956665039
1483 142.58741951 259.956665039
1484 142.58741951 259.956665039
1485 142.58741951 259.956665039
1486 142.58741951 259.956665039
1487 142.58741951 259.956665039
1488 143.931243896 261.286087036
1489 143.945480347 261.270446778
1490 143.945480347 261.270446778
1491 143.945480347 261.270446778
1492 143.961120606 261.286087036
1493 143.961120606 261.286087036
1494 143.961120606 261.286087036
1495 143.961120606 261.286087036
1496 144.731002808 262.00553894
1497 144.728939057 261.974258423
1498 144.728939057 261.974258423
1499 144.728939057 261.974258423
1500 144.680494309 261.974258423
1501 144.680494309 261.974258423
1502 144.680494309 261.974258423
1503 144.680494309 261.974258423
1504 144.680494309 261.974258423
1505 144.937932968 262.208862304
1506 144.935707093 262.161941528
1507 144.935707093 262.161941528
1508 144.935707093 262.161941528
1509 144.935707093 262.161941528
1510 144.951347352 262.177581787
1511 144.951347352 262.177581787
1512 144.951347352 262.177581787
1513 144.951347352 262.177581787
1514 145.781764985 262.975234985
1515 145.797405243 262.990875244
1516 145.797405243 262.990875244
1517 145.797405243 262.990875244
1518 145.797405243 262.990875244
1519 145.797405243 262.990875244
1520 145.797405243 262.990875244
1521 145.797405243 262.990875244
1522 146.535036087 263.710327149
1523 146.523382187 263.663406372
1524 146.539022446 263.679046631
1525 146.539022446 263.679046631
1526 146.539022446 263.679046631
1527 146.554662705 263.69468689
1528 146.554662705 263.69468689
1529 146.554662705 263.69468689
1530 146.554662705 263.69468689
1531 147.286090851 264.367218018
1532 147.286090851 264.367218018
1533 147.286090851 264.367218018
1534 147.286090851 264.367218018
1535 147.286090851 264.367218018
1536 147.286090851 264.367218018
1537 147.286090851 264.367218018
1538 147.910913468 264.961547852
1539 147.910913468 264.961547852
1540 147.910913468 264.961547852
1541 147.910913468 264.961547852
1542 147.926553727 264.97718811
1543 147.926553727 264.97718811
1544 147.926553727 264.97718811
1545 148.70971489 265.727920532
1546 148.70652771 265.712280273
1547 148.70652771 265.712280273
1548 148.70652771 265.712280273
1549 148.70652771 265.712280273
1550 148.70652771 265.712280273
1551 148.70652771 265.712280273
1552 148.70652771 265.712280273
1553 148.70652771 265.712280273
1554 149.516765594 266.478652954
1555 149.532388687 266.478652954
1556 149.532388687 266.478652954
1557 149.532388687 266.478652954
1558 149.532388687 266.478652954
1559 149.532388687 266.478652954
1560 149.532388687 266.478652954
1561 149.532388687 266.478652954
1562 150.325719833 267.213745117
1563 150.313690185 267.166824341
1564 150.313690185 267.166824341
1565 150.313690185 267.166824341
1566 150.313690185 267.166824341
1567 150.313690185 267.166824341
1568 150.313690185 267.166824341
1569 150.313690185 267.166824341
1570 151.064508438 267.870635986
1571 151.064508438 267.870635986
1572 151.064508438 267.870635986
1573 151.064508438 267.870635986
1574 151.064508438 267.870635986
1575 151.080148697 267.886276245
1576 151.080148697 267.886276245
1577 151.080148697 267.886276245
1578 151.881509781 268.637008667
1579 151.87396431 268.590087891
1580 151.87396431 268.590087891
1581 151.87396431 268.590087891
1582 151.87396431 268.590087891
1583 151.87396431 268.590087891
1584 151.87396431 268.590087891
1585 151.87396431 268.590087891
1586 151.87396431 268.590087891
1587 153.606145859 270.201034546
1588 153.621786118 270.216674805
1589 153.621786118 270.216674805
1590 153.558702469 270.216674805
1591 153.558702469 270.216674805
1592 153.558702469 270.216674805
1593 153.558702469 270.216674805
1594 153.558702469 270.216674805
1595 153.526357651 270.122833252
1596 153.537137985 270.122833252
1597 153.537137985 270.122833252
1598 153.537137985 270.122833252
1599 153.537137985 270.122833252
1600 153.537137985 270.122833252
1601 153.537137985 270.122833252
1602 153.537137985 270.122833252
1603 154.11614418 270.642868042
1604 154.11614418 270.642868042
1605 154.11614418 270.642868042
1606 154.11614418 270.642868042
1607 154.11614418 270.642868042
1608 154.11614418 270.642868042
1609 154.11614418 270.642868042
1610 154.11614418 270.642868042
1611 155.065948487 271.471801757
1612 155.089546203 271.456161499
1613 155.089546203 271.456161499
1614 155.089546203 271.456161499
1615 155.089546203 271.456161499
1616 155.089546203 271.456161499
1617 155.089546203 271.456161499
1618 155.089546203 271.456161499
1619 155.089546203 271.456161499
1620 140.276742935 272.206893921
1621 140.276742935 272.206893921
1622 140.276742935 272.206893921
1623 140.276742935 272.206893921
1624 140.276742935 272.206893921
1625 140.276742935 272.206893921
1626 140.276742935 272.206893921
1627 140.276742935 272.206893921
1628 140.276742935 272.206893921
1629 140.902999878 272.73866272
1630 140.902999878 272.73866272
1631 140.902999878 272.73866272
1632 140.902999878 272.73866272
1633 140.902999878 272.73866272
1634 140.902999878 272.73866272
1635 140.902999878 272.73866272
1636 141.761346817 273.520675659
1637 142.468559265 274.177566529
1638 142.468559265 274.177566529
1639 142.468559265 274.177566529
1640 142.468559265 274.177566529
1641 142.468559265 274.177566529
1642 142.468559265 274.177566529
1643 142.468559265 274.177566529
1644 143.255889892 274.912658692
1645 143.265604019 274.897018433
1646 143.281217575 274.897018433
1647 143.281217575 274.897018433
1648 143.281217575 274.897018433
1649 143.281217575 274.897018433
1650 143.241016388 274.897018433
1651 143.241016388 274.897018433
1652 143.241016388 274.897018433
1653 143.307262421 274.865737915
1654 143.317934037 274.834457397
1655 143.317934037 274.834457397
1656 143.317934037 274.834457397
1657 143.317934037 274.834457397
1658 143.317934037 274.834457397
1659 143.317934037 274.834457397
1660 143.317934037 274.834457397
1661 144.108959198 275.585189819
1662 144.122718812 275.585189819
1663 144.122718812 275.585189819
1664 144.122718812 275.585189819
1665 144.122718812 275.585189819
1666 144.13835907 275.600830078
1667 144.13835907 275.600830078
1668 144.13835907 275.600830078
1669 144.934438705 276.335922241
1670 144.917751312 276.273361206
1671 144.917751312 276.273361206
1672 144.917751312 276.273361206
1673 144.917751312 276.273361206
1674 144.917751312 276.273361206
1675 144.917751312 276.273361206
1676 144.917751312 276.273361206
1677 145.620813369 276.930252075
1678 145.616962433 276.883331299
1679 145.632602692 276.898971558
1680 145.603757859 276.898971558
1681 145.603757859 276.898971558
1682 145.619398118 276.914611817
1683 145.619398118 276.914611817
1684 145.619398118 276.914611817
1685 146.369714737 277.587142945
1686 146.363616944 277.555862427
1687 146.363616944 277.555862427
1688 146.363616944 277.555862427
1689 146.363616944 277.555862427
1690 146.363616944 277.555862427
1691 146.363616944 277.555862427
1692 146.363616944 277.555862427
1693 147.163114548 278.212753296
1694 147.156663895 278.16583252
1695 147.156663895 278.16583252
1696 147.156663895 278.16583252
1697 147.156663895 278.16583252
1698 147.156663895 278.16583252
1699 147.156663895 278.16583252
1700 147.156663895 278.16583252
1701 147.156663895 278.16583252
1702 148.647644043 279.510894776
1703 148.647644043 279.510894776
1704 148.647644043 279.510894776
1705 148.647644043 279.510894776
1706 148.647644043 279.510894776
1707 148.647644043 279.510894776
1708 148.647644043 279.510894776
1709 148.647644043 279.510894776
1710 140.725656509 279.542175293
1711 140.724321365 279.510894776
1712 140.724321365 279.510894776
1713 140.724321365 279.510894776
1714 140.724321365 279.510894776
1715 140.724321365 279.510894776
1716 140.724321365 279.510894776
1717 140.724321365 279.510894776
1718 141.450889587 280.183425904
1719 141.460374832 280.152145385
1720 141.460374832 280.152145385
1721 141.460374832 280.152145385
1722 141.476015091 280.167785644
1723 141.476015091 280.167785644
1724 141.476015091 280.167785644
1725 141.476015091 280.167785644
1726 142.395671845 280.99671936
1727 142.439481735 281.012359619
1728 142.439481735 281.012359619
1729 142.439481735 281.012359619
1730 142.439481735 281.012359619
1731 142.439481735 281.012359619
1732 142.439481735 281.012359619
1733 142.439481735 281.012359619
1734 143.26662445 281.794372558
1735 143.258520126 281.731811523
1736 143.258520126 281.731811523
1737 143.258520126 281.731811523
1738 143.258520126 281.731811523
1739 143.274160385 281.747451782
1740 143.232299805 281.747451782
1741 143.232299805 281.747451782
1742 143.232299805 281.747451782
1743 143.981769562 282.341781616
1744 143.981769562 282.341781616
1745 143.981769562 282.341781616
1746 143.981769562 282.341781616
1747 143.981769562 282.341781616
1748 143.981769562 282.341781616
1749 143.981769562 282.341781616
1750 143.981769562 282.341781616
1751 144.850545884 283.123794555
1752 144.851755143 283.076873779
1753 144.851755143 283.076873779
1754 144.851755143 283.076873779
1755 144.851755143 283.076873779
1756 144.867395401 283.092514038
1757 144.867395401 283.092514038
1758 144.867395401 283.092514038
1759 144.867395401 283.092514038
1760 145.692514419 283.815872192
1761 145.692514419 283.815872192
1762 145.692514419 283.815872192
1763 145.692514419 283.815872192
1764 145.692514419 283.815872192
1765 145.692514419 283.815872192
1766 145.692514419 283.815872192
1767 145.692514419 283.815872192
1768 145.692514419 283.815872192
1769 147.034368515 285.129653931
1770 141.686031341 285.129653931
1771 141.686031341 285.129653931
1772 141.686031341 285.129653931
1773 141.7016716 285.14529419
1774 141.7016716 285.14529419
1775 141.7016716 285.14529419
1776 141.7016716 285.14529419
1777 142.476919174 285.896026611
1778 142.458169937 285.833465576
1779 142.458169937 285.833465576
1780 142.458169937 285.833465576
1781 142.458169937 285.833465576
1782 142.458169937 285.833465576
1783 142.458169937 285.833465576
1784 142.458169937 285.833465576
1785 143.314666748 286.678039551
1786 143.307317734 286.584197998
1787 143.307317734 286.584197998
1788 143.307317734 286.584197998
1789 143.307317734 286.584197998
1790 143.322957993 286.599838257
1791 143.322957993 286.599838257
1792 143.322957993 286.599838257
1793 143.322957993 286.599838257
1794 144.168756485 287.33493042
1795 144.162517548 287.256729126
1796 144.162517548 287.256729126
1797 144.162517548 287.256729126
1798 144.162517548 287.256729126
1799 144.162517548 287.256729126
1800 144.162517548 287.256729126
1801 144.162517548 287.256729126
1802 144.349430085 287.366210938
1803 144.351987839 287.319290161
1804 144.351987839 287.319290161
1805 144.351987839 287.319290161
1806 144.351987839 287.319290161
1807 144.367628097 287.33493042
1808 144.367628097 287.33493042
1809 144.367628097 287.33493042
1810 145.144901275 288.023101806
1811 145.144901275 288.023101806
1812 145.144901275 288.023101806
1813 145.144901275 288.023101806
1814 145.144901275 288.023101806
1815 145.144901275 288.023101806
1816 145.144901275 288.023101806
1817 145.144901275 288.023101806
1818 146.016942978 288.789474487
1819 146.004703521 288.648712158
1820 145.996362686 288.633071899
1821 145.996362686 288.633071899
1822 145.996362686 288.633071899
1823 145.996362686 288.633071899
1824 146.012002945 288.648712158
1825 146.012002945 288.648712158
1826 146.012002945 288.648712158
1827 146.845359802 289.430725098
1828 146.83615303 289.336883545
1829 146.83615303 289.336883545
1830 146.777008056 289.336883545
1831 146.777008056 289.336883545
1832 146.777008056 289.336883545
1833 146.777008056 289.336883545
1834 146.777008056 289.336883545
1835 146.777008056 289.336883545
1836 147.96263504 290.494262695
1837 147.950307846 290.400421143
1838 147.950307846 290.400421143
1839 147.950307846 290.400421143
1840 147.950307846 290.400421143
1841 147.950307846 290.400421143
1842 147.965948105 290.416061402
1843 147.965948105 290.416061402
1844 147.965948105 290.416061402
1845 147.965948105 290.416061402
1846 148.781946182 291.119873047
1847 148.781946182 291.119873047
1848 148.781946182 291.119873047
1849 148.781946182 291.119873047
1850 148.781946182 291.119873047
1851 148.781946182 291.119873047
1852 148.781946182 291.119873047
1853 148.781946182 291.119873047
1854 148.781946182 291.119873047
1855 149.381414413 291.573440552
1856 149.396823883 291.573440552
1857 149.396823883 291.573440552
1858 149.396823883 291.573440552
1859 149.396823883 291.573440552
1860 149.392612457 291.58908081
1861 149.392612457 291.58908081
1862 149.392612457 291.58908081
1863 149.392612457 291.58908081
1864 150.278339386 292.324172973
1865 150.278339386 292.324172973
1866 150.278339386 292.324172973
1867 150.278339386 292.324172973
1868 150.278339386 292.324172973
1869 150.278339386 292.324172973
1870 150.278339386 292.324172973
1871 150.278339386 292.324172973
1872 150.989837646 292.981063842
1873 150.990964889 292.918502807
1874 151.006605148 292.934143066
1875 151.006605148 292.934143066
1876 151.006605148 292.934143066
1877 151.006605148 292.934143066
1878 151.022245407 292.949783325
1879 151.022245407 292.949783325
1880 151.022245407 292.949783325
1881 151.815702439 293.684875488
1882 151.815702439 293.684875488
1883 151.815702439 293.684875488
1884 151.815702439 293.684875488
1885 151.815702439 293.684875488
1886 151.815702439 293.684875488
1887 151.815702439 293.684875488
1888 151.815702439 293.684875488
1889 152.620718003 294.388687134
1890 142.04564476 294.373046875
1891 142.04564476 294.373046875
1892 142.04564476 294.373046875
1893 142.04564476 294.373046875
1894 142.061285019 294.388687134
1895 142.061285019 294.388687134
1896 142.061285019 294.388687134
1897 142.930614472 295.170700073
1898 142.927730561 295.155059815
1899 142.927730561 295.155059815
1900 142.927730561 295.155059815
1901 142.927730561 295.155059815
1902 142.927730561 295.155059815
1903 142.927730561 295.155059815
1904 142.927730561 295.155059815
1905 143.54404831 295.655548096
1906 143.536426545 295.592987061
1907 143.552066803 295.60862732
1908 143.552066803 295.60862732
1909 143.552066803 295.60862732
1910 143.552066803 295.60862732
1911 143.552066803 295.60862732
1912 143.552066803 295.60862732
1913 143.552066803 295.60862732
1914 144.404060363 296.375
1915 144.404060363 296.375
1916 144.404060363 296.375
1917 144.404060363 296.375
1918 144.419700622 296.390640258
1919 144.419700622 296.390640258
1920 144.419700622 296.390640258
1921 144.419700622 296.390640258
1922 145.274101257 297.176559448
1923 145.271568298 297.160919189
1924 145.271568298 297.160919189
1925 145.271568298 297.160919189
1926 145.271568298 297.160919189
1927 145.271568298 297.160919189
1928 145.271568298 297.160919189
1929 145.271568298 297.160919189
1930 145.945461273 297.755249023
1931 145.976028442 297.770889282
1932 145.976028442 297.770889282
1933 145.976028442 297.770889282
1934 145.991668701 297.786529541
1935 145.991668701 297.786529541
1936 145.991668701 297.786529541
1937 145.991668701 297.786529541
1938 145.991668701 297.786529541
1939 146.636192322 298.287017822
1940 146.636175156 298.271377563
1941 146.636175156 298.271377563
1942 146.636175156 298.271377563
1943 146.636175156 298.271377563
1944 146.636175156 298.271377563
1945 142.205554962 298.287017822
