2.0	146.792
4.0	105.718
6.0	74.124
8.0	62.623
10.0	59.643
12.0	62.143
14.0	61.93
16.0	66.78
18.0	64.855
20.0	64.959
22.0	62.599
24.0	65.56
26.0	65.28
28.0	67.763
30.0	65.529
32.0	57.863
34.0	70.936
36.0	63.205
38.0	65.408
40.0	65.025
42.0	62.469
44.0	64.96
46.0	66.134
48.0	63.407
50.0	64.319
52.0	60.369
54.0	64.422
56.0	68.919
58.0	64.268
60.0	69.267
62.0	65.054
64.0	65.297
66.0	65.143
68.0	63.722
70.0	65.839
72.0	64.289
74.0	64.342
76.0	71.535
78.0	53.214
80.0	67.385
82.0	63.074
84.0	64.206
86.0	64.093
88.0	66.668
90.0	66.625
92.0	67.248
94.0	62.505
96.0	69.819
98.0	56.258
100.0	74.383
102.0	62.561
104.0	65.408
106.0	65.956
108.0	59.652
110.0	65.507
112.0	61.361
114.0	61.011
116.0	68.934
118.0	71.711
120.0	64.728
122.0	67.272
124.0	65.093
126.0	63.84
128.0	71.198
130.0	63.796
132.0	62.354
134.0	72.423
136.0	64.122
138.0	65.859
140.0	61.448
142.0	61.591
144.0	60.07
146.0	64.409
148.0	60.273
150.0	55.805
152.0	64.069
154.0	59.434
156.0	58.823
158.0	64.932
160.0	62.009
162.0	54.833
164.0	62.95
166.0	62.165
168.0	56.834
170.0	53.632
172.0	59.283
174.0	56.118
176.0	51.697
178.0	64.706
180.0	59.898
182.0	55.993
184.0	61.617
186.0	52.366
188.0	53.421
190.0	58.791
192.0	57.13
194.0	52.562
196.0	61.44
198.0	50.742
200.0	51.603
202.0	60.33
204.0	55.807
206.0	50.558
208.0	64.587
210.0	54.397
212.0	53.29
214.0	62.436
216.0	55.596
218.0	54.943
220.0	65.834
222.0	52.499
