341 129.967752457 130.033065796
342 129.967752457 130.033065796
343 129.967752457 130.033065796
344 129.967752457 130.033065796
345 129.967752457 130.033065796
346 129.967752457 130.033065796
347 129.967752457 130.033065796
348 129.967752457 130.033065796
349 129.967752457 130.033065796
350 129.967752457 130.033065796
351 129.967752457 130.033065796
352 133.533731461 133.5990448
353 133.54937172 133.614685059
354 133.54937172 133.614685059
355 133.565011979 133.630325318
356 133.565011979 133.630325318
357 133.565011979 133.630325318
358 133.565011979 133.630325318
359 133.565011979 133.630325318
360 133.51704216 133.630325318
361 133.51704216 133.630325318
362 133.51704216 133.630325318
363 133.51704216 133.630325318
364 133.51704216 133.630325318
365 133.51704216 133.630325318
366 133.51704216 133.630325318
367 133.51704216 133.630325318
368 133.51704216 133.630325318
369 133.51704216 133.630325318
370 133.51704216 133.630325318
371 134.15829277 134.271575928
372 135.378232956 135.491516114
373 135.378232956 135.491516114
374 135.378232956 135.491516114
375 135.378232956 135.491516114
376 135.378232956 135.491516114
377 135.378232956 135.491516114
378 135.378232956 135.491516114
379 135.378232956 135.491516114
380 135.378232956 135.491516114
381 135.378232956 135.491516114
382 135.378232956 135.491516114
383 135.378232956 135.491516114
384 135.378232956 135.491516114
385 135.378232956 135.491516114
386 135.378232956 135.491516114
387 137.083021164 137.196304322
388 137.098661423 137.21194458
389 137.129941941 137.243225098
390 130.041873932 137.243225098
391 130.041873932 137.243225098
392 130.041873932 137.243225098
393 130.041873932 137.243225098
394 130.041873932 137.243225098
395 130.041873932 137.243225098
396 130.041873932 137.243225098
397 130.041873932 137.243225098
398 130.041873932 137.243225098
399 130.041873932 137.243225098
400 130.823886872 138.025238037
401 130.823886872 138.025238037
402 130.823886872 138.025238037
403 130.823886872 138.025238037
404 130.823886872 138.025238037
405 130.83952713 138.040878296
406 130.83952713 138.040878296
407 130.83952713 138.040878296
408 131.809223175 139.010574341
409 131.809223175 139.010574341
410 131.840503693 139.041854858
411 131.840503693 139.041854858
412 131.840503693 139.041854858
413 131.840503693 139.041854858
414 131.840503693 139.041854858
415 131.840503693 139.041854858
416 131.840503693 139.041854858
417 132.794559479 139.995910644
418 132.810199738 140.011550903
419 132.810199738 140.011550903
420 132.804138184 140.011550903
421 132.804138184 140.011550903
422 132.804138184 140.011550903
423 132.804138184 140.011550903
424 132.804138184 140.011550903
425 132.804138184 140.011550903
426 134.555847168 141.763259888
427 134.555847168 141.763259888
428 134.555847168 141.763259888
429 134.555847168 141.763259888
430 134.555847168 141.763259888
431 134.555847168 141.763259888
432 134.555847168 141.763259888
433 134.571487427 141.778900146
434 134.571487427 141.778900146
435 134.571487427 141.778900146
436 134.571487427 141.778900146
437 134.587127686 141.794540405
438 134.587127686 141.794540405
439 134.587127686 141.794540405
440 135.775787354 142.983200073
441 135.775787354 142.983200073
442 135.775787354 142.983200073
443 135.775787354 142.983200073
444 135.775787354 142.983200073
445 135.775787354 142.983200073
446 135.775787354 142.983200073
447 135.775787354 142.983200073
448 135.807067871 143.01448059
449 135.807067871 143.01448059
450 135.80380249 143.01448059
451 135.80380249 143.01448059
452 135.80380249 143.01448059
453 135.80380249 143.01448059
454 135.80380249 143.01448059
455 136.31993103 143.53060913
456 136.335571289 143.546249389
457 136.335571289 143.546249389
458 136.335571289 143.546249389
459 136.335571289 143.546249389
460 136.335571289 143.546249389
461 136.664016724 143.874694824
462 136.664016724 143.874694824
463 136.664016724 143.874694824
464 136.664016724 143.874694824
465 136.664016724 143.874694824
466 137.187513351 144.390823364
467 137.187513351 144.390823364
468 137.187513351 144.390823364
469 137.187513351 144.390823364
470 137.20315361 144.406463623
471 137.609800339 144.813110352
472 137.609800339 144.813110352
473 137.609800339 144.813110352
474 137.609800339 144.813110352
475 137.609800339 144.813110352
476 138.23931694 145.442626953
477 138.270597457 145.473907471
478 138.270597457 145.473907471
479 138.270597457 145.473907471
480 138.268064498 145.473907471
481 138.268064498 145.473907471
482 139.143918991 146.349761962
483 139.143918991 146.349761962
484 139.143918991 146.349761962
485 139.143918991 146.349761962
486 139.143918991 146.349761962
487 139.222120285 146.427963256
488 139.222120285 146.427963256
489 139.222120285 146.427963256
490 139.222120285 146.427963256
491 139.222120285 146.427963256
492 139.738248825 146.944091796
493 139.738248825 146.944091796
494 139.738248825 146.944091796
495 139.738248825 146.944091796
496 139.738248825 146.944091796
497 140.488981247 147.694824218
498 140.504621506 147.710464477
499 140.520261765 147.726104736
500 140.520261765 147.726104736
501 140.520261765 147.726104736
502 140.551542282 147.757385254
503 140.551542282 147.757385254
504 140.551542282 147.757385254
505 140.551542282 147.757385254
506 141.130231857 148.336074829
507 141.145872116 148.351715088
508 141.145872116 148.351715088
509 141.145872116 148.351715088
510 141.143915176 148.351715088
511 141.143915176 148.351715088
512 141.675683975 148.883483887
513 141.675683975 148.883483887
514 141.675683975 148.883483887
515 141.675683975 148.883483887
516 141.675683975 148.883483887
517 142.113611221 149.321411133
518 142.551538467 149.759338379
519 142.551538467 149.759338379
520 142.551538467 149.759338379
521 142.551538467 149.759338379
522 142.551538467 149.759338379
523 142.692300797 149.900100708
524 142.692300797 149.900100708
525 142.692300797 149.900100708
526 142.707941056 149.915740967
527 142.707941056 149.915740967
528 143.177148819 150.384948731
529 143.177148819 150.384948731
530 143.177148819 150.384948731
531 143.177148819 150.384948731
532 143.177148819 150.384948731
533 143.787118912 150.994918824
534 143.80275917 151.010559082
535 143.80275917 151.010559082
536 143.80275917 151.010559082
537 143.80275917 151.010559082
538 144.287607192 151.495407104
539 144.287607192 151.495407104
540 144.167886734 151.495407104
541 144.167886734 151.495407104
542 144.167886734 151.495407104
543 144.167886734 151.495407104
544 144.699655533 152.027175903
545 144.699655533 152.027175903
546 144.699655533 152.027175903
547 144.699655533 152.027175903
548 144.699655533 152.027175903
549 145.278345108 152.605865478
550 145.278345108 152.605865478
551 145.278345108 152.605865478
552 145.278345108 152.605865478
553 145.278345108 152.605865478
554 145.747552871 153.075073242
555 145.76319313 153.090713501
556 145.76319313 153.090713501
557 145.76319313 153.090713501
558 145.76319313 153.090713501
559 146.201120376 153.528640747
560 146.201120376 153.528640747
561 146.201120376 153.528640747
562 146.201120376 153.528640747
563 146.201120376 153.528640747
564 146.685968399 154.01348877
565 146.685968399 154.01348877
566 146.685968399 154.01348877
567 146.701608658 154.029129029
568 146.701608658 154.029129029
569 147.249017716 154.576538086
570 129.172029496 154.576538086
571 129.172029496 154.576538086
572 129.172029496 154.576538086
573 129.172029496 154.576538086
574 129.656877518 155.061386109
575 129.656877518 155.061386109
576 129.656877518 155.061386109
577 129.656877518 155.061386109
578 129.672517776 155.077026367
579 129.672517776 155.077026367
580 130.188646316 155.593154907
581 130.188646316 155.593154907
582 130.188646316 155.593154907
583 130.188646316 155.593154907
584 130.188646316 155.593154907
585 130.798616409 156.203125
586 130.876817703 156.281326294
587 130.876817703 156.281326294
588 130.876817703 156.281326294
589 130.876817703 156.281326294
590 130.876817703 156.281326294
591 131.361665725 156.766174317
592 131.361665725 156.766174317
593 131.361665725 156.766174317
594 131.361665725 156.766174317
595 131.377305984 156.781814575
596 131.377305984 156.781814575
597 131.987276077 157.391784668
598 131.987276077 157.391784668
599 131.987276077 157.391784668
600 131.98251915 157.391784668
601 131.98251915 157.391784668
602 131.98251915 157.391784668
603 132.514287949 157.923553466
604 132.514287949 157.923553466
605 132.514287949 157.923553466
606 132.529928208 157.939193725
607 132.529928208 157.939193725
608 133.139898301 158.549163818
609 133.139898301 158.549163818
610 133.139898301 158.549163818
611 133.139898301 158.549163818
612 133.139898301 158.549163818
613 133.139898301 158.549163818
614 133.546545029 158.955810547
615 133.546545029 158.955810547
616 133.546545029 158.955810547
617 133.546545029 158.955810547
618 133.546545029 158.955810547
619 134.031393052 159.440658569
620 134.031393052 159.440658569
621 134.031393052 159.440658569
622 134.04703331 159.456298828
623 134.04703331 159.456298828
624 134.56316185 159.972427368
625 134.56316185 159.972427368
626 134.56316185 159.972427368
627 134.56316185 159.972427368
628 134.56316185 159.972427368
629 135.20441246 160.613677978
630 128.93996048 160.629318237
631 128.93996048 160.629318237
632 128.93996048 160.629318237
633 128.93996048 160.629318237
634 128.93996048 160.629318237
635 129.471729279 161.161087036
636 129.471729279 161.161087036
637 129.471729279 161.161087036
638 129.471729279 161.161087036
639 129.471729279 161.161087036
640 129.471729279 161.161087036
641 129.97612381 161.665481568
642 129.97612381 161.665481568
643 129.97612381 161.665481568
644 129.97612381 161.665481568
645 129.97612381 161.665481568
646 130.49225235 162.181610108
647 130.49225235 162.181610108
648 130.49225235 162.181610108
649 130.507892609 162.197250367
650 130.507892609 162.197250367
651 130.507892609 162.197250367
652 130.945819855 162.635177613
653 130.945819855 162.635177613
654 130.945819855 162.635177613
655 130.945819855 162.635177613
656 130.945819855 162.635177613
657 131.430667878 163.120025635
658 131.430667878 163.120025635
659 131.430667878 163.120025635
660 131.442216874 163.135665893
661 131.442216874 163.135665893
662 132.003866196 163.683074951
663 132.003866196 163.683074951
664 132.003866196 163.683074951
665 132.003866196 163.683074951
666 132.003866196 163.683074951
667 132.551275254 164.230484008
668 132.551275254 164.230484008
669 132.551275254 164.230484008
670 132.551275254 164.230484008
671 132.551275254 164.230484008
672 132.551275254 164.230484008
673 133.192525864 164.871734619
674 133.192525864 164.871734619
675 133.192525864 164.871734619
676 133.208166122 164.887374878
677 133.208166122 164.887374878
678 133.693014145 165.3722229
679 133.708654404 165.387863159
680 133.708654404 165.387863159
681 133.708654404 165.387863159
682 133.708654404 165.387863159
683 133.708654404 165.387863159
684 134.287343979 165.966552734
685 134.287343979 165.966552734
686 134.287343979 165.966552734
687 134.287343979 165.966552734
688 134.302984238 165.982192993
689 134.302984238 165.982192993
690 128.69099617 166.498321533
691 128.69099617 166.498321533
692 128.69099617 166.498321533
693 128.69099617 166.498321533
694 128.69099617 166.498321533
695 129.08200264 166.889328003
696 129.08200264 166.889328003
697 129.08200264 166.889328003
698 129.08200264 166.889328003
699 129.08200264 166.889328003
700 129.59813118 167.405456543
701 129.59813118 167.405456543
702 129.59813118 167.405456543
703 129.59813118 167.405456543
704 129.59813118 167.405456543
705 130.348863602 168.156188965
706 130.395784378 168.203109742
707 130.395784378 168.203109742
708 130.395784378 168.203109742
709 130.395784378 168.203109742
710 130.395784378 168.203109742
711 130.958833694 168.766159058
712 130.958833694 168.766159058
713 130.958833694 168.766159058
714 130.974473953 168.781799316
715 130.974473953 168.781799316
716 131.53752327 169.344848632
717 131.53752327 169.344848632
718 131.53752327 169.344848632
719 131.53752327 169.344848632
720 131.526266098 169.344848632
721 132.230077743 170.048660278
722 132.261358261 170.079940795
723 132.261358261 170.079940795
724 132.261358261 170.079940795
725 132.261358261 170.079940795
726 132.840047836 170.658630371
727 132.855688095 170.67427063
728 132.855688095 170.67427063
729 132.855688095 170.67427063
730 132.855688095 170.67427063
731 133.465658188 171.284240722
732 133.465658188 171.284240722
733 133.465658188 171.284240722
734 133.465658188 171.284240722
735 133.465658188 171.284240722
736 134.091268539 171.909851074
737 134.091268539 171.909851074
738 134.091268539 171.909851074
739 134.091268539 171.909851074
740 134.091268539 171.909851074
741 134.6771698 172.488540649
742 134.6771698 172.488540649
743 134.692810059 172.504180908
744 134.692810059 172.504180908
745 134.692810059 172.504180908
746 135.490463257 173.301834106
747 135.490463257 173.301834106
748 135.490463257 173.301834106
749 135.490463257 173.301834106
750 135.485677719 173.301834106
751 136.111288071 173.927444458
752 136.142568588 173.958724976
753 136.142568588 173.958724976
754 136.142568588 173.958724976
755 136.142568588 173.958724976
756 136.752538681 174.568695068
757 136.752538681 174.568695068
758 136.752538681 174.568695068
759 136.752538681 174.568695068
760 136.752538681 174.568695068
761 137.456350327 175.272506714
762 137.456350327 175.272506714
763 137.456350327 175.272506714
764 137.456350327 175.272506714
765 137.456350327 175.272506714
766 138.06632042 175.882476807
767 138.081960679 175.898117066
768 138.081960679 175.898117066
769 138.081960679 175.898117066
770 138.081960679 175.898117066
771 138.770132065 176.586288453
772 138.770132065 176.586288453
773 138.770132065 176.586288453
774 138.770132065 176.586288453
775 138.770132065 176.586288453
776 139.473943711 177.290100098
777 139.505224228 177.321380616
778 139.505224228 177.321380616
779 139.505224228 177.321380616
780 139.499429702 177.321380616
781 140.316629409 178.138580323
782 140.347909927 178.16986084
783 140.347909927 178.16986084
784 140.347909927 178.16986084
785 140.347909927 178.16986084
786 140.83275795 178.654708862
787 140.879678726 178.701629639
788 140.879678726 178.701629639
789 140.879678726 178.701629639
790 140.879678726 178.701629639
791 141.692972183 179.514923096
792 141.708612442 179.530563354
793 141.708612442 179.530563354
794 141.708612442 179.530563354
795 141.708612442 179.530563354
796 141.708612442 179.530563354
797 142.193460464 180.015411377
798 142.209100723 180.031051636
799 142.209100723 180.031051636
800 142.209100723 180.031051636
801 142.209100723 180.031051636
802 142.909420013 180.719223022
803 142.925060272 180.734863281
804 142.925060272 180.734863281
805 142.925060272 180.734863281
806 142.925060272 180.734863281
807 143.675792694 181.485595703
808 143.707073212 181.516876221
809 143.707073212 181.516876221
810 143.698976517 181.516876221
811 143.698976517 181.516876221
812 143.698976517 181.516876221
813 144.324586868 182.142486572
814 144.324586868 182.142486572
815 144.324586868 182.142486572
816 144.324586868 182.142486572
817 144.324586868 182.142486572
818 144.899530411 182.705535889
819 144.977731705 182.783737183
820 144.977731705 182.783737183
821 144.977731705 182.783737183
822 144.977731705 182.783737183
823 145.55642128 183.362426758
824 145.55642128 183.362426758
825 145.55642128 183.362426758
826 145.55642128 183.362426758
827 145.55642128 183.362426758
828 146.275873185 184.081878662
829 146.275873185 184.081878662
830 146.275873185 184.081878662
831 146.275873185 184.081878662
832 146.275873185 184.081878662
833 146.870203019 184.676208496
834 146.901483536 184.707489013
835 146.901483536 184.707489013
836 146.901483536 184.707489013
837 146.901483536 184.707489013
838 147.503652572 185.301818847
839 147.503652572 185.301818847
840 130.939741135 185.301818847
841 130.939741135 185.301818847
842 130.939741135 185.301818847
843 131.487150192 185.849227905
844 131.534070969 185.896148681
845 131.534070969 185.896148681
846 131.534070969 185.896148681
847 131.534070969 185.896148681
848 132.144041061 186.506118774
849 132.144041061 186.506118774
850 132.144041061 186.506118774
851 132.15968132 186.521759033
852 132.15968132 186.521759033
853 132.863492966 187.225570679
854 132.861543655 187.20993042
855 132.861543655 187.20993042
856 132.861543655 187.20993042
857 132.861543655 187.20993042
858 133.465679169 187.788619995
859 133.465679169 187.788619995
860 133.465679169 187.788619995
861 133.465679169 187.788619995
862 133.465679169 187.788619995
863 133.465679169 187.788619995
864 134.044368744 188.36730957
865 134.044368744 188.36730957
866 134.060009003 188.382949829
867 134.060009003 188.382949829
868 134.763820649 189.086761475
869 134.795101166 189.118041992
870 131.506187439 189.118041992
871 131.506187439 189.118041992
872 131.506187439 189.118041992
873 131.506187439 189.118041992
874 132.225639343 189.837493897
875 132.225639343 189.837493897
876 132.225639343 189.837493897
877 132.225639343 189.837493897
878 132.225639343 189.837493897
879 132.7849617 190.384902954
880 132.7849617 190.384902954
881 132.7849617 190.384902954
882 132.7849617 190.384902954
883 132.7849617 190.384902954
884 133.45569992 191.041793824
885 133.45569992 191.041793824
886 133.45569992 191.041793824
887 133.45569992 191.041793824
888 133.45569992 191.041793824
889 134.080413818 191.651763916
890 134.080413818 191.651763916
891 134.080413818 191.651763916
892 134.096054077 191.667404174
893 134.096054077 191.667404174
894 134.784225464 192.355575561
895 134.784225464 192.355575561
896 134.784225464 192.355575561
897 134.784225464 192.355575561
898 134.784225464 192.355575561
899 135.488037109 193.059387207
900 131.998521805 193.106307984
901 131.998521805 193.106307984
902 131.998521805 193.106307984
903 131.998521805 193.106307984
904 131.998521805 193.106307984
905 132.565477371 193.67326355
906 132.565477371 193.67326355
907 132.565477371 193.67326355
908 132.565477371 193.67326355
909 132.565477371 193.67326355
910 133.142185211 194.236312866
911 133.142185211 194.236312866
912 133.142185211 194.236312866
913 133.142185211 194.236312866
914 133.830356598 194.924484252
915 133.830356598 194.924484252
916 133.830356598 194.924484252
917 133.830356598 194.924484252
918 133.845996857 194.940124511
919 134.425428391 195.503173828
920 134.425428391 195.503173828
921 134.425428391 195.503173828
922 134.425428391 195.503173828
923 134.425428391 195.503173828
924 135.113599778 196.191345215
925 135.113599778 196.191345215
926 135.113599778 196.191345215
927 135.113599778 196.191345215
928 135.113599778 196.191345215
929 135.770490647 196.848236084
930 135.74936676 196.848236084
931 135.74936676 196.848236084
932 135.765007019 196.863876343
933 135.765007019 196.863876343
934 136.433912277 197.520767212
935 136.433912277 197.520767212
936 136.433912277 197.520767212
937 136.433912277 197.520767212
938 136.433912277 197.520767212
939 137.059522629 198.146377563
940 137.059522629 198.146377563
941 137.059522629 198.146377563
942 137.059522629 198.146377563
943 137.059522629 198.146377563
944 137.71087265 198.787628174
945 137.71087265 198.787628174
946 137.71087265 198.787628174
947 137.726512909 198.803268433
948 137.726512909 198.803268433
949 138.317886352 199.381958008
950 138.333526611 199.397598267
951 138.333526611 199.397598267
952 138.333526611 199.397598267
953 138.333526611 199.397598267
954 139.037338257 200.101409912
955 139.037338257 200.101409912
956 139.037338257 200.101409912
957 139.037338257 200.101409912
958 139.037338257 200.101409912
959 139.709869385 200.77394104
960 132.973775864 200.77394104
961 132.973775864 200.77394104
962 132.989416123 200.789581299
963 132.989416123 200.789581299
964 133.597150803 201.383911133
965 133.612791062 201.399551392
966 133.612791062 201.399551392
967 133.612791062 201.399551392
968 133.612791062 201.399551392
969 133.612791062 201.399551392
970 134.326293945 202.087722778
971 134.326293945 202.087722778
972 134.326293945 202.087722778
973 134.326293945 202.087722778
974 134.326293945 202.087722778
975 134.933221817 202.682052612
976 134.933221817 202.682052612
977 134.933221817 202.682052612
978 134.933221817 202.682052612
979 134.933221817 202.682052612
980 135.511911392 203.260742187
981 135.527551651 203.276382446
982 135.527551651 203.276382446
983 135.527551651 203.276382446
984 135.527551651 203.276382446
985 136.352457046 204.089675903
986 136.352457046 204.089675903
987 136.352457046 204.089675903
988 136.352457046 204.089675903
989 136.368097305 204.105316162
990 136.368097305 204.105316162
991 137.134469986 204.871688843
992 137.132707596 204.856048584
993 137.132707596 204.856048584
994 137.132707596 204.856048584
995 137.132707596 204.856048584
996 137.132707596 204.856048584
997 137.745817185 205.450378418
998 137.745817185 205.450378418
999 137.745817185 205.450378418
1000 137.745817185 205.450378418
1001 137.761457444 205.466018677
1002 138.44962883 206.154190064
1003 138.44962883 206.154190064
1004 138.44962883 206.154190064
1005 138.44962883 206.154190064
1006 138.44962883 206.154190064
1007 139.075239182 206.779800415
1008 139.090879441 206.795440674
1009 139.090879441 206.795440674
1010 139.090879441 206.795440674
1011 139.090879441 206.795440674
1012 139.090879441 206.795440674
1013 139.814575195 207.499252319
1014 139.814575195 207.499252319
1015 139.814575195 207.499252319
1016 139.814575195 207.499252319
1017 139.830215454 207.514892578
1018 140.596588135 208.281265259
1019 140.596588135 208.281265259
1020 134.052883148 208.281265259
1021 134.052883148 208.281265259
1022 134.052883148 208.281265259
1023 134.052883148 208.281265259
1024 134.699903488 208.922515869
1025 134.715543747 208.938156127
1026 134.715543747 208.938156127
1027 134.715543747 208.938156127
1028 134.715543747 208.938156127
1029 135.513496399 209.724075317
1030 135.513496399 209.724075317
1031 135.513496399 209.724075317
1032 135.513496399 209.724075317
1033 135.529136657 209.739715576
1034 135.529136657 209.739715576
1035 136.154747009 210.365325927
1036 136.154747009 210.365325927
1037 136.154747009 210.365325927
1038 136.154747009 210.365325927
1039 136.154747009 210.365325927
1040 136.154747009 210.365325927
1041 136.827278137 211.037857055
1042 136.827278137 211.037857055
1043 136.827278137 211.037857055
1044 136.827278137 211.037857055
1045 136.842918396 211.053497314
1046 137.540132522 211.741668701
1047 137.540132522 211.741668701
1048 137.540132522 211.741668701
1049 137.540132522 211.741668701
1050 137.527338028 211.741668701
1051 137.527338028 211.741668701
1052 138.106027604 212.320358276
1053 138.106027604 212.320358276
1054 138.106027604 212.320358276
1055 138.106027604 212.320358276
1056 138.106027604 212.320358276
1057 138.784431458 212.977249145
1058 138.784431458 212.977249145
1059 138.784431458 212.977249145
1060 138.800071716 212.992889404
1061 138.800071716 212.992889404
1062 139.388433456 213.57157898
1063 139.388433456 213.57157898
1064 139.388433456 213.57157898
1065 139.388433456 213.57157898
1066 139.388433456 213.57157898
1067 139.388433456 213.57157898
1068 139.976142883 214.150268555
1069 139.976142883 214.150268555
1070 139.976142883 214.150268555
1071 139.976142883 214.150268555
1072 139.976142883 214.150268555
1073 140.804672241 214.963562012
1074 140.804672241 214.963562012
1075 140.804672241 214.963562012
1076 140.8203125 214.979202271
1077 140.8203125 214.979202271
1078 140.8203125 214.979202271
1079 141.455007553 215.604812622
1080 134.975914001 215.604812622
1081 134.975914001 215.604812622
1082 134.975914001 215.604812622
1083 134.975914001 215.604812622
1084 135.664085388 216.292984009
1085 136.117652893 216.746551514
1086 136.117652893 216.746551514
1087 136.117652893 216.746551514
1088 136.133293152 216.762191772
1089 136.133293152 216.762191772
1090 136.274055481 216.902954101
1091 136.274055481 216.902954101
1092 136.274055481 216.902954101
1093 136.274055481 216.902954101
1094 136.274055481 216.902954101
1095 136.993507385 217.622406005
1096 136.993507385 217.622406005
1097 136.993507385 217.622406005
1098 136.993507385 217.622406005
1099 136.993507385 217.622406005
1100 136.993507385 217.622406005
1101 137.580308914 218.201095581
1102 137.580308914 218.201095581
1103 137.580308914 218.201095581
1104 137.595949173 218.21673584
1105 137.595949173 218.21673584
1106 138.16822815 218.779785156
1107 138.161470413 218.764144897
1108 138.161470413 218.764144897
1109 138.161470413 218.764144897
1110 138.146314621 218.764144897
1111 138.881406784 219.49923706
1112 138.897047042 219.514877319
1113 138.897047042 219.514877319
1114 138.897047042 219.514877319
1115 138.912687301 219.530517578
1116 139.462022781 220.077926636
1117 139.462022781 220.077926636
1118 139.462022781 220.077926636
1119 139.462022781 220.077926636
1120 139.462022781 220.077926636
1121 139.462022781 220.077926636
1122 140.11891365 220.734817505
1123 140.11891365 220.734817505
1124 140.11891365 220.734817505
1125 140.11891365 220.734817505
1126 140.11891365 220.734817505
1127 140.711629867 221.297866822
1128 140.711629867 221.297866822
1129 140.711629867 221.297866822
1130 140.727270126 221.313507081
1131 140.727270126 221.313507081
1132 141.457336426 222.032958985
1133 141.467494965 222.032958984
1134 141.467494965 222.032958984
1135 141.467494965 222.032958984
1136 141.467494965 222.032958984
1137 141.467494965 222.032958984
1138 142.071107865 222.611648559
1139 142.071107865 222.611648559
1140 142.056381226 222.611648559
1141 142.056381226 222.611648559
1142 142.056381226 222.611648559
1143 142.835466385 223.37802124
1144 142.866746903 223.409301758
1145 142.866746903 223.409301758
1146 142.866746903 223.409301758
1147 142.866746903 223.409301758
1148 142.866746903 223.409301758
1149 143.461076737 224.003631592
1150 143.461076737 224.003631592
1151 143.461076737 224.003631592
1152 143.461076737 224.003631592
1153 143.461076737 224.003631592
1154 144.065597535 224.597961426
1155 144.065597535 224.597961426
1156 144.065597535 224.597961426
1157 144.065597535 224.597961426
1158 144.081237793 224.613601685
1159 144.704866409 225.223571778
1160 144.720506668 225.239212036
1161 144.720506668 225.239212036
1162 144.720506668 225.239212036
1163 144.720506668 225.239212036
1164 145.428224563 225.946929932
1165 145.443864822 225.962570191
1166 145.443864822 225.962570191
1167 145.443864822 225.962570191
1168 145.443864822 225.962570191
1169 145.443864822 225.962570191
1170 136.422487259 226.6038208
1171 136.422487259 226.6038208
1172 136.422487259 226.6038208
1173 136.422487259 226.6038208
1174 136.422487259 226.6038208
1175 137.032457352 227.213790893
1176 137.032457352 227.213790893
1177 137.032457352 227.213790893
1178 137.032457352 227.213790893
1179 137.032457352 227.213790893
1180 137.032457352 227.213790893
1181 137.617879867 227.77684021
1182 137.617879867 227.77684021
1183 137.617879867 227.77684021
1184 137.617879867 227.77684021
1185 137.617879867 227.77684021
1186 138.38762474 228.511932373
1187 138.403264999 228.527572632
1188 138.403264999 228.527572632
1189 138.403264999 228.527572632
1190 138.403264999 228.527572632
1191 138.403264999 228.527572632
1192 139.030368805 229.137542725
1193 139.030368805 229.137542725
1194 139.030368805 229.137542725
1195 139.030368805 229.137542725
1196 139.030368805 229.137542725
1197 139.574802399 229.638031006
1198 139.574802399 229.638031006
1199 139.574802399 229.638031006
1200 139.555696488 229.638031006
1201 139.555696488 229.638031006
1202 140.227304459 230.294921875
1203 140.258584976 230.326202393
1204 140.258584976 230.326202393
1205 140.258584976 230.326202393
1206 140.258584976 230.326202393
1207 140.809810638 230.873611451
1208 140.809810638 230.873611451
1209 140.809810638 230.873611451
1210 140.809810638 230.873611451
1211 140.809810638 230.873611451
1212 141.528038025 231.561782837
1213 141.528038025 231.561782837
1214 141.528038025 231.561782837
1215 141.528038025 231.561782837
1216 141.543678284 231.577423095
1217 141.543678284 231.577423095
1218 142.959951401 232.985046386
1219 142.959951401 232.985046386
1220 142.959951401 232.985046386
1221 142.959951401 232.985046386
1222 142.959951401 232.985046386
1223 142.97559166 233.000686645
1224 142.974384308 232.985046386
1225 142.974384308 232.985046386
1226 142.974384308 232.985046386
1227 142.974384308 232.985046386
1228 143.396671295 233.407333374
1229 143.396671295 233.407333374
1230 137.155881882 233.407333374
1231 137.155881882 233.407333374
1232 137.17152214 233.422973633
1233 137.750211715 234.001663208
1234 137.749660492 233.986022949
1235 137.749660492 233.986022949
1236 137.749660492 233.986022949
1237 137.749660492 233.986022949
1238 138.577501297 234.799316406
1239 138.576711654 234.783676147
1240 138.576711654 234.783676147
1241 138.576711654 234.783676147
1242 138.576711654 234.783676147
1243 138.576711654 234.783676147
1244 139.084629058 235.26852417
1245 139.100269317 235.284164429
1246 139.100269317 235.284164429
1247 139.115909576 235.299804688
1248 139.115909576 235.299804688
1249 139.115909576 235.299804688
1250 139.79032898 235.941055297
1251 139.79032898 235.941055297
1252 139.79032898 235.941055297
1253 139.79032898 235.941055297
1254 139.79032898 235.941055297
1255 140.318021775 236.441543579
1256 140.318021775 236.441543579
1257 140.318021775 236.441543579
1258 140.318021775 236.441543579
1259 140.333662034 236.457183838
1260 137.677253724 237.254837036
1261 137.682989121 237.254837036
1262 137.682989121 237.254837036
1263 137.682989121 237.254837036
1264 137.682989121 237.254837036
1265 137.682989121 237.254837036
1266 138.33987999 237.911727905
1267 138.496282578 238.068130493
1268 138.496282578 238.068130493
1269 138.496282578 238.068130493
1270 138.496282578 238.068130493
1271 138.496282578 238.068130493
1272 139.020236969 238.552978516
1273 139.020236969 238.552978516
1274 139.020236969 238.552978516
1275 139.035877228 238.568618775
1276 139.035877228 238.568618775
1277 139.773015976 239.27243042
1278 139.773015976 239.27243042
1279 139.773015976 239.27243042
1280 139.773015976 239.27243042
1281 139.773015976 239.27243042
1282 139.773015976 239.27243042
1283 140.459205627 239.944961548
1284 140.459205627 239.944961548
1285 140.459205627 239.944961548
1286 140.459205627 239.944961548
1287 140.459205627 239.944961548
1288 141.037723541 240.508010864
1289 141.037723541 240.508010864
1290 140.997392654 240.508010864
1291 141.013032913 240.523651123
1292 141.013032913 240.523651123
1293 141.648942947 241.121887207
1294 141.648942947 241.121887207
1295 141.648942947 241.121887207
1296 141.648942947 241.121887207
1297 141.648942947 241.121887207
1298 142.393980026 241.841339112
1299 142.408140183 241.841339111
1300 142.408140183 241.841339111
1301 142.408140183 241.841339111
1302 142.408140183 241.841339111
1303 142.408140183 241.841339111
1304 143.039367676 242.451309204
1305 143.030406952 242.404388427
1306 143.030406952 242.404388427
1307 143.030406952 242.404388427
1308 143.030406952 242.404388427
1309 143.609096527 242.983078003
1310 143.624736786 242.998718262
1311 143.624736786 242.998718262
1312 143.624736786 242.998718262
1313 143.624736786 242.998718262
1314 143.624736786 242.998718262
1315 144.412107468 243.718170166
1316 144.412107468 243.718170166
1317 144.412107468 243.718170166
1318 144.427747726 243.733810425
1319 144.427747726 243.733810425
1320 138.577035904 244.484542847
1321 138.575448989 244.43762207
1322 138.575448989 244.43762207
1323 138.575448989 244.43762207
1324 138.575448989 244.43762207
1325 138.575448989 244.43762207
1326 138.575448989 244.43762207
1327 139.339538574 245.141433716
1328 139.339538574 245.141433716
1329 139.339538574 245.141433716
1330 139.339538574 245.141433716
1331 139.339538574 245.141433716
1332 139.339538574 245.141433716
1333 139.949508667 245.751403809
1334 139.941553116 245.73576355
1335 139.941553116 245.73576355
1336 139.957193375 245.751403809
1337 139.957193375 245.751403809
1338 139.957193375 245.751403809
1339 140.598392487 246.377014161
1340 140.598392487 246.377014161
1341 140.598392487 246.377014161
1342 140.598392487 246.377014161
1343 140.598392487 246.377014161
1344 140.598392487 246.377014161
1345 141.302204132 247.080825806
1346 141.302204132 247.080825806
1347 141.302204132 247.080825806
1348 141.302204132 247.080825806
1349 141.317844391 247.096466064
1350 141.317844391 247.096466064
1351 141.317844391 247.096466064
1352 142.099857331 247.878479004
1353 142.109214783 247.878479004
1354 142.109214783 247.878479004
1355 142.109214783 247.878479004
1356 142.109214783 247.878479004
1357 142.109214783 247.878479004
1358 142.109214783 247.878479004
1359 142.736892701 248.488449097
1360 142.726268769 248.472808838
1361 142.726268769 248.472808838
1362 142.726268769 248.472808838
1363 142.726268769 248.472808838
1364 142.726268769 248.472808838
1365 142.726268769 248.472808838
1366 143.4974823 249.239181518
1367 143.496797562 249.22354126
1368 143.496797562 249.22354126
1369 143.496797562 249.22354126
1370 143.51243782 249.239181519
1371 143.51243782 249.239181519
1372 143.51243782 249.239181519
1373 144.278072357 249.974273682
1374 144.287614822 249.974273682
1375 144.287614822 249.974273682
1376 144.287614822 249.974273682
1377 144.287614822 249.974273682
1378 144.287614822 249.974273682
1379 144.287614822 249.974273682
1380 144.287614822 249.974273682
1381 144.933250427 250.568603516
1382 144.933250427 250.568603516
1383 144.933250427 250.568603516
1384 144.933250427 250.568603516
1385 144.948890686 250.584243774
1386 144.948890686 250.584243774
1387 144.948890686 250.584243774
1388 145.833129883 251.444458007
1389 145.848562241 251.444458008
1390 145.848562241 251.444458008
1391 145.848562241 251.444458008
1392 145.848562241 251.444458008
1393 145.848562241 251.444458008
1394 145.848562241 251.444458008
1395 145.848562241 251.444458008
1396 146.649719239 252.226470947
1397 146.680456162 252.242111206
1398 146.680456162 252.242111206
1399 146.680456162 252.242111206
1400 146.680456162 252.242111206
1401 146.69609642 252.257751465
1402 146.69609642 252.257751465
1403 146.69609642 252.257751465
1404 147.573219299 253.086685181
1405 147.559017181 253.039764404
1406 147.559017181 253.039764404
1407 147.559017181 253.039764404
1408 147.559017181 253.039764404
1409 147.559017181 253.039764404
1410 147.559017181 253.039764404
1411 147.559017181 253.039764404
1412 148.449796676 253.899978638
1413 149.101007461 254.525588989
1414 149.101007461 254.525588989
1415 149.101007461 254.525588989
1416 149.101007461 254.525588989
1417 149.101007461 254.525588989
1418 149.11664772 254.541229248
1419 149.11664772 254.541229248
1420 149.11664772 254.541229248
1421 149.268308639 254.666351319
1422 149.268308639 254.666351319
1423 149.268308639 254.666351319
1424 149.268308639 254.666351319
1425 149.268308639 254.666351319
1426 149.268308639 254.666351319
1427 149.268308639 254.666351319
1428 149.268308639 254.666351319
1429 149.268308639 254.666351319
1430 150.3574543 255.714248657
1431 150.373094559 255.729888916
1432 150.373094559 255.729888916
1433 150.373094559 255.729888916
1434 150.373094559 255.729888916
1435 150.388734818 255.745529174
1436 150.388734818 255.745529174
1437 150.388734818 255.745529174
1438 151.150823593 256.468887329
1439 151.136737824 256.390686035
1440 139.763694763 256.390686035
1441 139.763694763 256.390686035
1442 139.763694763 256.390686035
1443 139.763694763 256.390686035
1444 139.763694763 256.390686035
1445 139.763694763 256.390686035
1446 139.763694763 256.390686035
1447 140.432371139 257.031936645
1448 140.509040832 257.078857422
1449 140.509040832 257.078857422
1450 140.509040832 257.078857422
1451 140.509040832 257.078857422
1452 140.509040832 257.078857422
1453 140.509040832 257.078857422
1454 140.509040832 257.078857422
1455 141.344743729 257.907791138
1456 141.342103958 257.87651062
1457 141.342103958 257.87651062
1458 141.342103958 257.87651062
1459 141.357744217 257.892150879
1460 141.357744217 257.892150879
1461 141.357744217 257.892150879
1462 141.357744217 257.892150879
1463 141.357744217 257.892150879
1464 142.145278931 258.627243042
1465 142.142080307 258.611602783
1466 142.142080307 258.611602783
1467 142.142080307 258.611602783
1468 142.142080307 258.611602783
1469 142.142080307 258.611602783
1470 142.142080307 258.611602783
1471 142.142080307 258.611602783
1472 142.868124008 259.29977417
1473 143.396936417 259.768981934
1474 143.396936417 259.768981934
1475 143.396936417 259.768981934
1476 143.396936417 259.768981934
1477 143.396936417 259.768981934
1478 143.396936417 259.768981934
1479 143.396936417 259.768981934
1480 143.647180558 260.019226074
1481 143.640769959 259.956665039
1482 143.640769959 259.956665039
1483 143.640769959 259.956665039
1484 143.640769959 259.956665039
1485 143.640769959 259.956665039
1486 143.640769959 259.956665039
1487 143.640769959 259.956665039
1488 144.984584809 261.286087036
1489 144.998813629 261.270446778
1490 144.998813629 261.270446778
1491 144.998813629 261.270446778
1492 145.014453888 261.286087036
1493 145.014453888 261.286087036
1494 145.014453888 261.286087036
1495 145.014453888 261.286087036
1496 145.784244537 262.00553894
1497 145.782165527 261.974258423
1498 145.782165527 261.974258423
1499 145.782165527 261.974258423
1500 145.738302231 261.974258423
1501 145.738302231 261.974258423
1502 145.738302231 261.974258423
1503 145.738302231 261.974258423
1504 145.738302231 261.974258423
1505 145.995676041 262.208862304
1506 145.993434906 262.161941528
1507 145.993434906 262.161941528
1508 145.993434906 262.161941528
1509 145.993434906 262.161941528
1510 146.009075165 262.177581787
1511 146.009075165 262.177581787
1512 146.009075165 262.177581787
1513 146.009075165 262.177581787
1514 146.839273453 262.975234985
1515 146.854913711 262.990875244
1516 146.854913711 262.990875244
1517 146.854913711 262.990875244
1518 146.854913711 262.990875244
1519 146.854913711 262.990875244
1520 146.854913711 262.990875244
1521 146.854913711 262.990875244
1522 147.59239006 263.710327149
1523 147.580543518 263.663406372
1524 147.596183777 263.679046631
1525 147.596183777 263.679046631
1526 147.596183777 263.679046631
1527 147.611824036 263.69468689
1528 147.611824036 263.69468689
1529 147.611824036 263.69468689
1530 147.611824036 263.69468689
1531 148.343074799 264.367218018
1532 148.343074799 264.367218018
1533 148.343074799 264.367218018
1534 148.343074799 264.367218018
1535 148.343074799 264.367218018
1536 148.343074799 264.367218018
1537 148.343074799 264.367218018
1538 148.967567444 264.961547852
1539 148.967567444 264.961547852
1540 148.967567444 264.961547852
1541 148.967567444 264.961547852
1542 148.983207703 264.97718811
1543 148.983207703 264.97718811
1544 148.983207703 264.97718811
1545 149.76616478 265.727920532
1546 149.762973786 265.712280273
1547 149.762973786 265.712280273
1548 149.762973786 265.712280273
1549 149.762973786 265.712280273
1550 149.762973786 265.712280273
1551 149.762973786 265.712280273
1552 149.762973786 265.712280273
1553 149.762973786 265.712280273
1554 150.572784423 266.478652954
1555 150.588407516 266.478652954
1556 150.588407516 266.478652954
1557 150.588407516 266.478652954
1558 150.588407516 266.478652954
1559 150.588407516 266.478652954
1560 150.588407516 266.478652954
1561 150.588407516 266.478652954
1562 151.381563187 267.213745117
1563 151.369377136 267.166824341
1564 151.369377136 267.166824341
1565 151.369377136 267.166824341
1566 151.369377136 267.166824341
1567 151.369377136 267.166824341
1568 151.369377136 267.166824341
1569 151.369377136 267.166824341
1570 152.120063782 267.870635986
1571 152.120063782 267.870635986
1572 152.120063782 267.870635986
1573 152.120063782 267.870635986
1574 152.120063782 267.870635986
1575 152.135704041 267.886276245
1576 152.135704041 267.886276245
1577 152.135704041 267.886276245
1578 152.936819077 268.637008667
1579 152.929174423 268.590087891
1580 152.929174423 268.590087891
1581 152.929174423 268.590087891
1582 152.929174423 268.590087891
1583 152.929174423 268.590087891
1584 152.929174423 268.590087891
1585 152.929174423 268.590087891
1586 152.929174423 268.590087891
1587 154.661054611 270.201034546
1588 154.67669487 270.216674805
1589 154.67669487 270.216674805
1590 154.613653183 270.216674805
1591 154.613653183 270.216674805
1592 154.613653183 270.216674805
1593 154.613653183 270.216674805
1594 154.613653183 270.216674805
1595 154.580812455 270.122833252
1596 154.59151268 270.122833252
1597 154.59151268 270.122833252
1598 154.59151268 270.122833252
1599 154.59151268 270.122833252
1600 154.59151268 270.122833252
1601 154.59151268 270.122833252
1602 154.59151268 270.122833252
1603 155.17029953 270.642868042
1604 155.17029953 270.642868042
1605 155.17029953 270.642868042
1606 155.17029953 270.642868042
1607 155.17029953 270.642868042
1608 155.17029953 270.642868042
1609 155.17029953 270.642868042
1610 155.17029953 270.642868042
1611 156.119657516 271.471801757
1612 156.143184662 271.456161499
1613 156.143184662 271.456161499
1614 156.143184662 271.456161499
1615 156.143184662 271.456161499
1616 156.143184662 271.456161499
1617 156.143184662 271.456161499
1618 156.143184662 271.456161499
1619 156.143184662 271.456161499
1620 141.363210678 272.206893921
1621 141.363210678 272.206893921
1622 141.363210678 272.206893921
1623 141.363210678 272.206893921
1624 141.363210678 272.206893921
1625 141.363210678 272.206893921
1626 141.363210678 272.206893921
1627 141.363210678 272.206893921
1628 141.363210678 272.206893921
1629 141.98900795 272.73866272
1630 141.98900795 272.73866272
1631 141.98900795 272.73866272
1632 141.98900795 272.73866272
1633 141.98900795 272.73866272
1634 141.98900795 272.73866272
1635 141.98900795 272.73866272
1636 142.84690857 273.520675659
1637 143.554004669 274.177566529
1638 143.554004669 274.177566529
1639 143.554004669 274.177566529
1640 143.554004669 274.177566529
1641 143.554004669 274.177566529
1642 143.554004669 274.177566529
1643 143.554004669 274.177566529
1644 144.340991974 274.912658692
1645 144.350587845 274.897018433
1646 144.36617279 274.897018433
1647 144.36617279 274.897018433
1648 144.36617279 274.897018433
1649 144.36617279 274.897018433
1650 144.323055267 274.897018433
1651 144.323055267 274.897018433
1652 144.323055267 274.897018433
1653 144.38879776 274.865737915
1654 144.39941597 274.834457397
1655 144.39941597 274.834457397
1656 144.39941597 274.834457397
1657 144.39941597 274.834457397
1658 144.39941597 274.834457397
1659 144.39941597 274.834457397
1660 144.39941597 274.834457397
1661 145.190227509 275.585189819
1662 145.203866959 275.585189819
1663 145.203866959 275.585189819
1664 145.203866959 275.585189819
1665 145.203866959 275.585189819
1666 145.219507218 275.600830078
1667 145.219507218 275.600830078
1668 145.219507218 275.600830078
1669 146.015457154 276.335922241
1670 145.998592377 276.273361206
1671 145.998592377 276.273361206
1672 145.998592377 276.273361206
1673 145.998592377 276.273361206
1674 145.998592377 276.273361206
1675 145.998592377 276.273361206
1676 145.998592377 276.273361206
1677 146.701515198 276.930252075
1678 146.697572708 276.883331299
1679 146.713212966 276.898971558
1680 146.686452865 276.898971558
1681 146.686452865 276.898971558
1682 146.702093124 276.914611817
1683 146.702093124 276.914611817
1684 146.702093124 276.914611817
1685 147.452085495 277.587142945
1686 147.445907593 277.555862427
1687 147.445907593 277.555862427
1688 147.445907593 277.555862427
1689 147.445907593 277.555862427
1690 147.445907593 277.555862427
1691 147.445907593 277.555862427
1692 147.445907593 277.555862427
1693 148.244737625 278.212753296
1694 148.238208771 278.16583252
1695 148.238208771 278.16583252
1696 148.238208771 278.16583252
1697 148.238208771 278.16583252
1698 148.238208771 278.16583252
1699 148.238208771 278.16583252
1700 148.238208771 278.16583252
1701 148.238208771 278.16583252
1702 149.728883744 279.510894776
1703 149.728883744 279.510894776
1704 149.728883744 279.510894776
1705 149.728883744 279.510894776
1706 149.728883744 279.510894776
1707 149.728883744 279.510894776
1708 149.728883744 279.510894776
1709 149.728883744 279.510894776
1710 141.827833176 279.542175293
1711 141.826490402 279.510894776
1712 141.826490402 279.510894776
1713 141.826490402 279.510894776
1714 141.826490402 279.510894776
1715 141.826490402 279.510894776
1716 141.826490402 279.510894776
1717 141.826490402 279.510894776
1718 142.552665711 280.183425904
1719 142.562107087 280.152145385
1720 142.562107087 280.152145385
1721 142.562107087 280.152145385
1722 142.577747345 280.167785644
1723 142.577747345 280.167785644
1724 142.577747345 280.167785644
1725 142.577747345 280.167785644
1726 143.497198105 280.99671936
1727 143.540929795 281.012359619
1728 143.540929795 281.012359619
1729 143.540929795 281.012359619
1730 143.540929795 281.012359619
1731 143.540929795 281.012359619
1732 143.540929795 281.012359619
1733 143.540929795 281.012359619
1734 144.368051529 281.794372558
1735 144.359838486 281.731811523
1736 144.359838486 281.731811523
1737 144.359838486 281.731811523
1738 144.359838486 281.731811523
1739 144.375478744 281.747451782
1740 144.331525803 281.747451782
1741 144.331525803 281.747451782
1742 144.331525803 281.747451782
1743 145.0803051 282.341781616
1744 145.0803051 282.341781616
1745 145.0803051 282.341781616
1746 145.0803051 282.341781616
1747 145.0803051 282.341781616
1748 145.0803051 282.341781616
1749 145.0803051 282.341781616
1750 145.0803051 282.341781616
1751 145.948755265 283.123794555
1752 145.94985199 283.076873779
1753 145.94985199 283.076873779
1754 145.94985199 283.076873779
1755 145.94985199 283.076873779
1756 145.965492248 283.092514038
1757 145.965492248 283.092514038
1758 145.965492248 283.092514038
1759 145.965492248 283.092514038
1760 146.790365219 283.815872192
1761 146.790365219 283.815872192
1762 146.790365219 283.815872192
1763 146.790365219 283.815872192
1764 146.790365219 283.815872192
1765 146.790365219 283.815872192
1766 146.790365219 283.815872192
1767 146.790365219 283.815872192
1768 146.790365219 283.815872192
1769 148.132038116 285.129653931
1770 142.757965088 285.129653931
1771 142.757965088 285.129653931
1772 142.757965088 285.129653931
1773 142.773605346 285.14529419
1774 142.773605346 285.14529419
1775 142.773605346 285.14529419
1776 142.773605346 285.14529419
1777 143.548679351 285.896026611
1778 143.529792785 285.833465576
1779 143.529792785 285.833465576
1780 143.529792785 285.833465576
1781 143.529792785 285.833465576
1782 143.529792785 285.833465576
1783 143.529792785 285.833465576
1784 143.529792785 285.833465576
1785 144.386260986 286.678039551
1786 144.37877655 286.584197998
1787 144.37877655 286.584197998
1788 144.37877655 286.584197998
1789 144.37877655 286.584197998
1790 144.394416809 286.599838257
1791 144.394416809 286.599838257
1792 144.394416809 286.599838257
1793 144.394416809 286.599838257
1794 145.239753723 287.33493042
1795 145.233470917 287.256729126
1796 145.233470917 287.256729126
1797 145.233470917 287.256729126
1798 145.233470917 287.256729126
1799 145.233470917 287.256729126
1800 145.233470917 287.256729126
1801 145.233470917 287.256729126
1802 145.420261383 287.366210938
1803 145.422634125 287.319290161
1804 145.422634125 287.319290161
1805 145.422634125 287.319290161
1806 145.422634125 287.319290161
1807 145.438274384 287.33493042
1808 145.438274384 287.33493042
1809 145.438274384 287.33493042
1810 146.215274811 288.023101806
1811 146.215274811 288.023101806
1812 146.215274811 288.023101806
1813 146.215274811 288.023101806
1814 146.215274811 288.023101806
1815 146.215274811 288.023101806
1816 146.215274811 288.023101806
1817 146.215274811 288.023101806
1818 147.087036133 288.789474487
1819 147.074621201 288.648712158
1820 147.066186905 288.633071899
1821 147.066186905 288.633071899
1822 147.066186905 288.633071899
1823 147.066186905 288.633071899
1824 147.081827163 288.648712158
1825 147.081827163 288.648712158
1826 147.081827163 288.648712158
1827 147.91490364 289.430725098
1828 147.905595779 289.336883545
1829 147.905595779 289.336883545
1830 147.85319519 289.336883545
1831 147.85319519 289.336883545
1832 147.85319519 289.336883545
1833 147.85319519 289.336883545
1834 147.85319519 289.336883545
1835 147.85319519 289.336883545
1836 149.038635253 290.494262695
1837 149.026060104 290.400421143
1838 149.026060104 290.400421143
1839 149.026060104 290.400421143
1840 149.026060104 290.400421143
1841 149.026060104 290.400421143
1842 149.041700363 290.416061402
1843 149.041700363 290.416061402
1844 149.041700363 290.416061402
1845 149.041700363 290.416061402
1846 149.857479095 291.119873047
1847 149.857479095 291.119873047
1848 149.857479095 291.119873047
1849 149.857479095 291.119873047
1850 149.857479095 291.119873047
1851 149.857479095 291.119873047
1852 149.857479095 291.119873047
1853 149.857479095 291.119873047
1854 149.857479095 291.119873047
1855 150.456272125 291.573440552
1856 150.471681595 291.573440552
1857 150.471681595 291.573440552
1858 150.471681595 291.573440552
1859 150.471681595 291.573440552
1860 150.465116501 291.58908081
1861 150.465116501 291.58908081
1862 150.465116501 291.58908081
1863 150.465116501 291.58908081
1864 151.350301742 292.324172973
1865 151.350301742 292.324172973
1866 151.350301742 292.324172973
1867 151.350301742 292.324172973
1868 151.350301742 292.324172973
1869 151.350301742 292.324172973
1870 151.350301742 292.324172973
1871 151.350301742 292.324172973
1872 152.061592102 292.981063842
1873 152.062484741 292.918502807
1874 152.078125 292.934143066
1875 152.078125 292.934143066
1876 152.078125 292.934143066
1877 152.078125 292.934143066
1878 152.093765259 292.949783325
1879 152.093765259 292.949783325
1880 152.093765259 292.949783325
1881 152.887039185 293.684875488
1882 152.887039185 293.684875488
1883 152.887039185 293.684875488
1884 152.887039185 293.684875488
1885 152.887039185 293.684875488
1886 152.887039185 293.684875488
1887 152.887039185 293.684875488
1888 152.887039185 293.684875488
1889 153.691761017 294.388687134
1890 143.129116059 294.373046875
1891 143.129116059 294.373046875
1892 143.129116059 294.373046875
1893 143.129116059 294.373046875
1894 143.144756317 294.388687134
1895 143.144756317 294.388687134
1896 143.144756317 294.388687134
1897 144.013654708 295.170700073
1898 144.010746002 295.155059815
1899 144.010746002 295.155059815
1900 144.010746002 295.155059815
1901 144.010746002 295.155059815
1902 144.010746002 295.155059815
1903 144.010746002 295.155059815
1904 144.010746002 295.155059815
1905 144.626300811 295.655548096
1906 144.618555069 295.592987061
1907 144.634195328 295.60862732
1908 144.634195328 295.60862732
1909 144.634195328 295.60862732
1910 144.634195328 295.60862732
1911 144.634195328 295.60862732
1912 144.634195328 295.60862732
1913 144.634195328 295.60862732
1914 145.485836029 296.375
1915 145.485836029 296.375
1916 145.485836029 296.375
1917 145.485836029 296.375
1918 145.501476288 296.390640258
1919 145.501476288 296.390640258
1920 145.501476288 296.390640258
1921 145.501476288 296.390640258
1922 146.35568428 297.176559448
1923 146.353076935 297.160919189
1924 146.353076935 297.160919189
1925 146.353076935 297.160919189
1926 146.353076935 297.160919189
1927 146.353076935 297.160919189
1928 146.353076935 297.160919189
1929 146.353076935 297.160919189
1930 147.026865006 297.755249023
1931 147.057401657 297.770889282
1932 147.057401657 297.770889282
1933 147.057401657 297.770889282
1934 147.073041916 297.786529541
1935 147.073041916 297.786529541
1936 147.073041916 297.786529541
1937 147.073041916 297.786529541
1938 147.073041916 297.786529541
1939 147.71734047 298.287017822
1940 147.717323304 298.271377563
1941 147.717323304 298.271377563
1942 147.717323304 298.271377563
1943 147.717323304 298.271377563
1944 147.717323304 298.271377563
1945 143.290967942 298.287017822
