2.0	146.872
4.0	114.613
6.0	68.923
8.0	65.334
10.0	64.579
12.0	73.754
14.0	62.027
16.0	71.367
18.0	71.547
20.0	70.709
22.0	67.599
24.0	73.757
26.0	69.772
28.0	72.454
30.0	69.638
32.0	68.201
34.0	70.79
36.0	68.388
38.0	74.281
40.0	72.634
42.0	72.434
44.0	67.254
46.0	69.204
48.0	72.07
50.0	68.761
52.0	69.094
54.0	72.502
56.0	71.205
58.0	69.708
60.0	73.052
62.0	71.155
64.0	67.935
66.0	72.707
68.0	65.985
70.0	77.939
72.0	68.234
74.0	73.413
76.0	67.852
78.0	65.886
80.0	74.746
82.0	64.991
84.0	79.458
86.0	73.696
88.0	63.885
90.0	69.785
92.0	71.813
94.0	75.075
96.0	60.717
98.0	73.526
100.0	74.042
102.0	67.908
104.0	70.002
106.0	73.824
108.0	70.16
110.0	65.04
112.0	7.313
114.0	6.874
116.0	4.981
118.0	5.423
120.0	5.461
122.0	5.077
124.0	6.35
126.0	4.774
128.0	5.207
130.0	6.874
132.0	4.995
134.0	4.577
136.0	4.855
138.0	5.373
140.0	5.007
142.0	5.676
144.0	4.913
146.0	4.501
148.0	5.792
150.0	6.106
152.0	4.339
154.0	5.623
156.0	5.694
158.0	5.295
160.0	5.738
162.0	5.407
164.0	4.969
166.0	4.688
168.0	4.289
170.0	6.508
172.0	6.129
174.0	4.749
176.0	4.233
178.0	5.25
180.0	5.962
182.0	7.07
184.0	6.36
186.0	5.403
188.0	7.973
190.0	6.912
192.0	6.77
194.0	6.704
196.0	6.228
198.0	7.648
200.0	7.921
202.0	6.816
204.0	6.617
206.0	6.166
208.0	5.202
210.0	7.127
212.0	6.89
214.0	8.833
216.0	7.066
218.0	7.644
220.0	6.876
222.0	6.645
224.0	8.937
226.0	6.981
228.0	6.046
230.0	7.88
232.0	5.635
234.0	4.998
236.0	9.455
238.0	6.661
240.0	8.687
242.0	9.629
244.0	8.793
246.0	6.619
248.0	10.142
250.0	8.558
252.0	6.629
254.0	6.708
256.0	6.962
258.0	6.904
260.0	8.941
262.0	8.0
264.0	8.621
266.0	7.835
268.0	9.131
270.0	6.477
272.0	7.123
274.0	8.041
276.0	9.324
278.0	7.218
280.0	6.545
282.0	10.598
284.0	7.805
286.0	8.207
288.0	6.718
290.0	8.967
292.0	8.469
294.0	6.599
296.0	7.352
298.0	9.816
300.0	6.519
302.0	11.168
304.0	7.171
306.0	6.61
308.0	5.919
310.0	6.185
312.0	10.51
314.0	7.603
316.0	4.759
318.0	6.068
320.0	11.503
322.0	10.87
324.0	6.333
326.0	8.499
328.0	8.635
330.0	7.057
332.0	6.999
334.0	7.464
336.0	6.703
338.0	8.83
340.0	7.946
342.0	6.842
344.0	7.586
346.0	6.395
348.0	8.197
350.0	7.648
352.0	7.174
354.0	7.755
356.0	7.818
358.0	5.99
360.0	9.254
362.0	6.643
364.0	7.97
366.0	7.312
368.0	7.592
370.0	7.292
372.0	8.03
374.0	6.118
376.0	9.802
378.0	8.495
380.0	6.325
382.0	5.141
384.0	9.034
386.0	8.034
388.0	6.58
390.0	6.112
392.0	7.514
394.0	8.043
396.0	6.201
398.0	8.493
400.0	9.56
402.0	8.465
404.0	10.118
406.0	5.321
408.0	6.844
410.0	6.271
412.0	5.881
414.0	7.587
416.0	6.874
418.0	6.838
420.0	6.869
422.0	6.026
424.0	9.337
426.0	6.69
428.0	9.556
430.0	7.001
432.0	6.928
434.0	10.1
436.0	7.448
438.0	5.579
440.0	7.533
442.0	8.641
444.0	9.264
446.0	7.218
448.0	9.883
450.0	7.642
452.0	8.601
454.0	12.252
456.0	9.49
458.0	5.851
460.0	5.686
462.0	9.279
464.0	8.906
466.0	8.677
468.0	8.772
470.0	6.728
472.0	6.638
474.0	10.371
476.0	8.282
478.0	8.729
480.0	7.94
482.0	12.607
484.0	7.03
486.0	7.812
488.0	8.887
490.0	6.123
492.0	8.963
494.0	8.104
496.0	8.62
498.0	5.906
500.0	7.398
502.0	8.963
504.0	11.481
506.0	10.363
508.0	8.128
510.0	7.987
512.0	10.353
514.0	11.673
516.0	7.646
518.0	10.348
520.0	11.988
522.0	8.02
524.0	11.487
526.0	10.191
528.0	11.11
530.0	5.704
532.0	5.629
534.0	6.061
536.0	6.047
538.0	7.524
540.0	12.177
542.0	6.586
544.0	10.029
546.0	9.113
548.0	8.999
550.0	8.361
552.0	9.846
554.0	11.51
556.0	11.643
558.0	8.777
560.0	9.238
562.0	9.781
564.0	9.972
566.0	10.266
568.0	7.899
570.0	6.389
572.0	8.068
574.0	8.601
576.0	5.852
578.0	7.986
580.0	8.993
582.0	6.231
584.0	7.578
586.0	7.546
588.0	8.792
590.0	8.098
592.0	9.003
594.0	8.821
596.0	8.198
598.0	7.967
