341 130.030136109 130.033065796
342 130.030136109 130.033065796
343 130.030136109 130.033065796
344 130.030136109 130.033065796
345 130.030136109 130.033065796
346 130.030136109 130.033065796
347 130.030136109 130.033065796
348 130.030136109 130.033065796
349 130.030136109 130.033065796
350 130.030136109 130.033065796
351 130.030136109 130.033065796
352 133.596115113 133.5990448
353 133.611755371 133.614685059
354 133.611755371 133.614685059
355 133.62739563 133.630325318
356 133.62739563 133.630325318
357 133.62739563 133.630325318
358 133.62739563 133.630325318
359 133.62739563 133.630325318
360 133.622592926 133.630325318
361 133.622592926 133.630325318
362 133.622592926 133.630325318
363 133.622592926 133.630325318
364 133.622592926 133.630325318
365 133.622592926 133.630325318
366 133.622592926 133.630325318
367 133.622592926 133.630325318
368 133.622592926 133.630325318
369 133.622592926 133.630325318
370 133.622592926 133.630325318
371 134.263843536 134.271575928
372 135.483783722 135.491516114
373 135.483783722 135.491516114
374 135.483783722 135.491516114
375 135.483783722 135.491516114
376 135.483783722 135.491516114
377 135.483783722 135.491516114
378 135.483783722 135.491516114
379 135.483783722 135.491516114
380 135.483783722 135.491516114
381 135.483783722 135.491516114
382 135.483783722 135.491516114
383 135.483783722 135.491516114
384 135.483783722 135.491516114
385 135.483783722 135.491516114
386 135.483783722 135.491516114
387 137.18857193 137.196304322
388 137.204212189 137.21194458
389 137.235492707 137.243225098
390 135.877136231 137.243225098
391 135.877136231 137.243225098
392 135.877136231 137.243225098
393 135.877136231 137.243225098
394 135.877136231 137.243225098
395 135.877136231 137.243225098
396 135.877136231 137.243225098
397 135.877136231 137.243225098
398 135.877136231 137.243225098
399 135.877136231 137.243225098
400 136.65914917 138.025238037
401 136.65914917 138.025238037
402 136.65914917 138.025238037
403 136.65914917 138.025238037
404 136.65914917 138.025238037
405 136.674789428 138.040878296
406 136.674789428 138.040878296
407 136.674789428 138.040878296
408 137.644485473 139.010574341
409 137.644485473 139.010574341
410 137.675765991 139.041854858
411 137.675765991 139.041854858
412 137.675765991 139.041854858
413 137.675765991 139.041854858
414 137.675765991 139.041854858
415 137.675765991 139.041854858
416 137.675765991 139.041854858
417 138.629821777 139.995910644
418 138.645462036 140.011550903
419 138.645462036 140.011550903
420 138.645433425 140.011550903
421 138.645433425 140.011550903
422 138.645433425 140.011550903
423 138.645433425 140.011550903
424 138.645433425 140.011550903
425 138.645433425 140.011550903
426 140.39714241 141.763259888
427 140.39714241 141.763259888
428 140.39714241 141.763259888
429 140.39714241 141.763259888
430 140.39714241 141.763259888
431 140.39714241 141.763259888
432 140.39714241 141.763259888
433 140.412782669 141.778900146
434 140.412782669 141.778900146
435 140.412782669 141.778900146
436 140.412782669 141.778900146
437 140.428422928 141.794540405
438 140.428422928 141.794540405
439 140.428422928 141.794540405
440 141.617082596 142.983200073
441 141.617082596 142.983200073
442 141.617082596 142.983200073
443 141.617082596 142.983200073
444 141.617082596 142.983200073
445 141.617082596 142.983200073
446 141.617082596 142.983200073
447 141.617082596 142.983200073
448 141.648363114 143.01448059
449 141.648363114 143.01448059
450 141.64831543 143.01448059
451 141.64831543 143.01448059
452 141.64831543 143.01448059
453 141.64831543 143.01448059
454 141.64831543 143.01448059
455 142.16444397 143.53060913
456 142.180084229 143.546249389
457 142.180084229 143.546249389
458 142.180084229 143.546249389
459 142.180084229 143.546249389
460 142.180084229 143.546249389
461 142.508529663 143.874694824
462 142.508529663 143.874694824
463 142.508529663 143.874694824
464 142.508529663 143.874694824
465 142.508529663 143.874694824
466 143.024658203 144.390823364
467 143.024658203 144.390823364
468 143.024658203 144.390823364
469 143.024658203 144.390823364
470 143.040298462 144.406463623
471 143.446945191 144.813110352
472 143.446945191 144.813110352
473 143.446945191 144.813110352
474 143.446945191 144.813110352
475 143.446945191 144.813110352
476 144.076461792 145.442626953
477 144.107742309 145.473907471
478 144.107742309 145.473907471
479 144.107742309 145.473907471
480 144.107694626 145.473907471
481 144.107694626 145.473907471
482 144.983549118 146.349761962
483 144.983549118 146.349761962
484 144.983549118 146.349761962
485 144.983549118 146.349761962
486 144.983549118 146.349761962
487 145.061750412 146.427963256
488 145.061750412 146.427963256
489 145.061750412 146.427963256
490 145.061750412 146.427963256
491 145.061750412 146.427963256
492 145.577878952 146.944091796
493 145.577878952 146.944091796
494 145.577878952 146.944091796
495 145.577878952 146.944091796
496 145.577878952 146.944091796
497 146.328611374 147.694824218
498 146.344251633 147.710464477
499 146.359891892 147.726104736
500 146.359891892 147.726104736
501 146.359891892 147.726104736
502 146.391172409 147.757385254
503 146.391172409 147.757385254
504 146.391172409 147.757385254
505 146.391172409 147.757385254
506 146.969861984 148.336074829
507 146.985502243 148.351715088
508 146.985502243 148.351715088
509 146.985502243 148.351715088
510 146.985307693 148.351715088
511 146.985307693 148.351715088
512 147.517076492 148.883483887
513 147.517076492 148.883483887
514 147.517076492 148.883483887
515 147.517076492 148.883483887
516 147.517076492 148.883483887
517 147.955003738 149.321411133
518 148.392930984 149.759338379
519 148.392930984 149.759338379
520 148.392930984 149.759338379
521 148.392930984 149.759338379
522 148.392930984 149.759338379
523 148.533693313 149.900100708
524 148.533693313 149.900100708
525 148.533693313 149.900100708
526 148.549333572 149.915740967
527 148.549333572 149.915740967
528 149.018541336 150.384948731
529 149.018541336 150.384948731
530 149.018541336 150.384948731
531 149.018541336 150.384948731
532 149.018541336 150.384948731
533 149.628511429 150.994918824
534 149.644151688 151.010559082
535 149.644151688 151.010559082
536 149.644151688 151.010559082
537 149.644151688 151.010559082
538 150.12899971 151.495407104
539 150.12899971 151.495407104
540 150.107162475 151.495407104
541 150.107162475 151.495407104
542 150.107162475 151.495407104
543 150.107162475 151.495407104
544 150.638931274 152.027175903
545 150.638931274 152.027175903
546 150.638931274 152.027175903
547 150.638931274 152.027175903
548 150.638931274 152.027175903
549 151.21762085 152.605865478
550 151.21762085 152.605865478
551 151.21762085 152.605865478
552 151.21762085 152.605865478
553 151.21762085 152.605865478
554 151.686828613 153.075073242
555 151.702468872 153.090713501
556 151.702468872 153.090713501
557 151.702468872 153.090713501
558 151.702468872 153.090713501
559 152.140396118 153.528640747
560 152.140396118 153.528640747
561 152.140396118 153.528640747
562 152.140396118 153.528640747
563 152.140396118 153.528640747
564 152.625244141 154.01348877
565 152.625244141 154.01348877
566 152.625244141 154.01348877
567 152.6408844 154.029129029
568 152.6408844 154.029129029
569 153.188293457 154.576538086
570 147.988019943 154.576538086
571 147.988019943 154.576538086
572 147.988019943 154.576538086
573 147.988019943 154.576538086
574 148.472867965 155.061386109
575 148.472867965 155.061386109
576 148.472867965 155.061386109
577 148.472867965 155.061386109
578 148.488508224 155.077026367
579 148.488508224 155.077026367
580 149.004636765 155.593154907
581 149.004636765 155.593154907
582 149.004636765 155.593154907
583 149.004636765 155.593154907
584 149.004636765 155.593154907
585 149.614606857 156.203125
586 149.692808151 156.281326294
587 149.692808151 156.281326294
588 149.692808151 156.281326294
589 149.692808151 156.281326294
590 149.692808151 156.281326294
591 150.177656173 156.766174317
592 150.177656173 156.766174317
593 150.177656173 156.766174317
594 150.177656173 156.766174317
595 150.193296432 156.781814575
596 150.193296432 156.781814575
597 150.803266525 157.391784668
598 150.803266525 157.391784668
599 150.803266525 157.391784668
600 150.803123474 157.391784668
601 150.803123474 157.391784668
602 150.803123474 157.391784668
603 151.334892273 157.923553466
604 151.334892273 157.923553466
605 151.334892273 157.923553466
606 151.350532532 157.939193725
607 151.350532532 157.939193725
608 151.960502625 158.549163818
609 151.960502625 158.549163818
610 151.960502625 158.549163818
611 151.960502625 158.549163818
612 151.960502625 158.549163818
613 151.960502625 158.549163818
614 152.367149353 158.955810547
615 152.367149353 158.955810547
616 152.367149353 158.955810547
617 152.367149353 158.955810547
618 152.367149353 158.955810547
619 152.851997376 159.440658569
620 152.851997376 159.440658569
621 152.851997376 159.440658569
622 152.867637635 159.456298828
623 152.867637635 159.456298828
624 153.383766175 159.972427368
625 153.383766175 159.972427368
626 153.383766175 159.972427368
627 153.383766175 159.972427368
628 153.383766175 159.972427368
629 154.025016785 160.613677978
630 152.140012741 160.629318237
631 152.140012741 160.629318237
632 152.140012741 160.629318237
633 152.140012741 160.629318237
634 152.140012741 160.629318237
635 152.67178154 161.161087036
636 152.67178154 161.161087036
637 152.67178154 161.161087036
638 152.67178154 161.161087036
639 152.67178154 161.161087036
640 152.67178154 161.161087036
641 153.176176071 161.665481568
642 153.176176071 161.665481568
643 153.176176071 161.665481568
644 153.176176071 161.665481568
645 153.176176071 161.665481568
646 153.692304611 162.181610108
647 153.692304611 162.181610108
648 153.692304611 162.181610108
649 153.70794487 162.197250367
650 153.70794487 162.197250367
651 153.70794487 162.197250367
652 154.145872116 162.635177613
653 154.145872116 162.635177613
654 154.145872116 162.635177613
655 154.145872116 162.635177613
656 154.145872116 162.635177613
657 154.630720138 163.120025635
658 154.630720138 163.120025635
659 154.630720138 163.120025635
660 154.646324157 163.135665893
661 154.646324157 163.135665893
662 155.207983017 163.683074951
663 155.207983017 163.683074951
664 155.207983017 163.683074951
665 155.207983017 163.683074951
666 155.207983017 163.683074951
667 155.755392074 164.230484008
668 155.755392074 164.230484008
669 155.755392074 164.230484008
670 155.755392074 164.230484008
671 155.755392074 164.230484008
672 155.755392074 164.230484008
673 156.396642685 164.871734619
674 156.396642685 164.871734619
675 156.396642685 164.871734619
676 156.412282944 164.887374878
677 156.412282944 164.887374878
678 156.897130966 165.3722229
679 156.912771225 165.387863159
680 156.912771225 165.387863159
681 156.912771225 165.387863159
682 156.912771225 165.387863159
683 156.912771225 165.387863159
684 157.4914608 165.966552734
685 157.4914608 165.966552734
686 157.4914608 165.966552734
687 157.4914608 165.966552734
688 157.507101059 165.982192993
689 157.507101059 165.982192993
690 155.936397552 166.498321533
691 155.936397552 166.498321533
692 155.936397552 166.498321533
693 155.936397552 166.498321533
694 155.936397552 166.498321533
695 156.327404022 166.889328003
696 156.327404022 166.889328003
697 156.327404022 166.889328003
698 156.327404022 166.889328003
699 156.327404022 166.889328003
700 156.843532563 167.405456543
701 156.843532563 167.405456543
702 156.843532563 167.405456543
703 156.843532563 167.405456543
704 156.843532563 167.405456543
705 157.594264985 168.156188965
706 157.641185761 168.203109742
707 157.641185761 168.203109742
708 157.641185761 168.203109742
709 157.641185761 168.203109742
710 157.641185761 168.203109742
711 158.204235077 168.766159058
712 158.204235077 168.766159058
713 158.204235077 168.766159058
714 158.219875336 168.781799316
715 158.219875336 168.781799316
716 158.782924652 169.344848632
717 158.782924652 169.344848632
718 158.782924652 169.344848632
719 158.782924652 169.344848632
720 158.782735824 169.344848632
721 159.48654747 170.048660278
722 159.517827987 170.079940795
723 159.517827987 170.079940795
724 159.517827987 170.079940795
725 159.517827987 170.079940795
726 160.096517563 170.658630371
727 160.112157822 170.67427063
728 160.112157822 170.67427063
729 160.112157822 170.67427063
730 160.112157822 170.67427063
731 160.722127914 171.284240722
732 160.722127914 171.284240722
733 160.722127914 171.284240722
734 160.722127914 171.284240722
735 160.722127914 171.284240722
736 161.347738266 171.909851074
737 161.347738266 171.909851074
738 161.347738266 171.909851074
739 161.347738266 171.909851074
740 161.347738266 171.909851074
741 161.931182861 172.488540649
742 161.931182861 172.488540649
743 161.94682312 172.504180908
744 161.94682312 172.504180908
745 161.94682312 172.504180908
746 162.744476319 173.301834106
747 162.744476319 173.301834106
748 162.744476319 173.301834106
749 162.744476319 173.301834106
750 162.744413376 173.301834106
751 163.370023727 173.927444458
752 163.401304245 173.958724976
753 163.401304245 173.958724976
754 163.401304245 173.958724976
755 163.401304245 173.958724976
756 164.011274338 174.568695068
757 164.011274338 174.568695068
758 164.011274338 174.568695068
759 164.011274338 174.568695068
760 164.011274338 174.568695068
761 164.715085983 175.272506714
762 164.715085983 175.272506714
763 164.715085983 175.272506714
764 164.715085983 175.272506714
765 164.715085983 175.272506714
766 165.325056076 175.882476807
767 165.340696335 175.898117066
768 165.340696335 175.898117066
769 165.340696335 175.898117066
770 165.340696335 175.898117066
771 166.028867722 176.586288453
772 166.028867722 176.586288453
773 166.028867722 176.586288453
774 166.028867722 176.586288453
775 166.028867722 176.586288453
776 166.732679367 177.290100098
777 166.763959885 177.321380616
778 166.763959885 177.321380616
779 166.763959885 177.321380616
780 166.763814926 177.321380616
781 167.581014633 178.138580323
782 167.612295151 178.16986084
783 167.612295151 178.16986084
784 167.612295151 178.16986084
785 167.612295151 178.16986084
786 168.097143173 178.654708862
787 168.144063949 178.701629639
788 168.144063949 178.701629639
789 168.144063949 178.701629639
790 168.144063949 178.701629639
791 168.957357406 179.514923096
792 168.972997665 179.530563354
793 168.972997665 179.530563354
794 168.972997665 179.530563354
795 168.972997665 179.530563354
796 168.972997665 179.530563354
797 169.457845688 180.015411377
798 169.473485947 180.031051636
799 169.473485947 180.031051636
800 169.473485947 180.031051636
801 169.473485947 180.031051636
802 170.17383194 180.719223022
803 170.189472199 180.734863281
804 170.189472199 180.734863281
805 170.189472199 180.734863281
806 170.189472199 180.734863281
807 170.94020462 181.485595703
808 170.971485138 181.516876221
809 170.971485138 181.516876221
810 170.971385956 181.516876221
811 170.971385956 181.516876221
812 170.971385956 181.516876221
813 171.596996308 182.142486572
814 171.596996308 182.142486572
815 171.596996308 182.142486572
816 171.596996308 182.142486572
817 171.596996308 182.142486572
818 172.171968461 182.705535889
819 172.250169754 182.783737183
820 172.250169754 182.783737183
821 172.250169754 182.783737183
822 172.250169754 182.783737183
823 172.828859329 183.362426758
824 172.828859329 183.362426758
825 172.828859329 183.362426758
826 172.828859329 183.362426758
827 172.828859329 183.362426758
828 173.548311233 184.081878662
829 173.548311233 184.081878662
830 173.548311233 184.081878662
831 173.548311233 184.081878662
832 173.548311233 184.081878662
833 174.142641067 184.676208496
834 174.173921585 184.707489013
835 174.173921585 184.707489013
836 174.173921585 184.707489013
837 174.173921585 184.707489013
838 174.774215698 185.301818847
839 174.774215698 185.301818847
840 168.024909973 185.301818847
841 168.024909973 185.301818847
842 168.024909973 185.301818847
843 168.572319031 185.849227905
844 168.619239807 185.896148681
845 168.619239807 185.896148681
846 168.619239807 185.896148681
847 168.619239807 185.896148681
848 169.2292099 186.506118774
849 169.2292099 186.506118774
850 169.2292099 186.506118774
851 169.244850159 186.521759033
852 169.244850159 186.521759033
853 169.948661804 187.225570679
854 169.946725845 187.20993042
855 169.946725845 187.20993042
856 169.946725845 187.20993042
857 169.946725845 187.20993042
858 170.550905228 187.788619995
859 170.550905228 187.788619995
860 170.550905228 187.788619995
861 170.550905228 187.788619995
862 170.550905228 187.788619995
863 170.550905228 187.788619995
864 171.129594803 188.36730957
865 171.129594803 188.36730957
866 171.145235062 188.382949829
867 171.145235062 188.382949829
868 171.849046707 189.086761475
869 171.880327225 189.118041992
870 170.555521011 189.118041992
871 170.555521011 189.118041992
872 170.555521011 189.118041992
873 170.555521011 189.118041992
874 171.274972916 189.837493897
875 171.274972916 189.837493897
876 171.274972916 189.837493897
877 171.274972916 189.837493897
878 171.274972916 189.837493897
879 171.834323883 190.384902954
880 171.834323883 190.384902954
881 171.834323883 190.384902954
882 171.834323883 190.384902954
883 171.834323883 190.384902954
884 172.505075455 191.041793824
885 172.505075455 191.041793824
886 172.505075455 191.041793824
887 172.505075455 191.041793824
888 172.505075455 191.041793824
889 173.129795074 191.651763916
890 173.129795074 191.651763916
891 173.129795074 191.651763916
892 173.145435333 191.667404174
893 173.145435333 191.667404174
894 173.83360672 192.355575561
895 173.83360672 192.355575561
896 173.83360672 192.355575561
897 173.83360672 192.355575561
898 173.83360672 192.355575561
899 174.537418366 193.059387207
900 172.928684235 193.106307984
901 172.928684235 193.106307984
902 172.928684235 193.106307984
903 172.928684235 193.106307984
904 172.928684235 193.106307984
905 173.495639801 193.67326355
906 173.495639801 193.67326355
907 173.495639801 193.67326355
908 173.495639801 193.67326355
909 173.495639801 193.67326355
910 174.0723629 194.236312866
911 174.0723629 194.236312866
912 174.0723629 194.236312866
913 174.0723629 194.236312866
914 174.760534286 194.924484252
915 174.760534286 194.924484252
916 174.760534286 194.924484252
917 174.760534286 194.924484252
918 174.776174545 194.940124511
919 175.355718613 195.503173828
920 175.355718613 195.503173828
921 175.355718613 195.503173828
922 175.355718613 195.503173828
923 175.355718613 195.503173828
924 176.043889999 196.191345215
925 176.043889999 196.191345215
926 176.043889999 196.191345215
927 176.043889999 196.191345215
928 176.043889999 196.191345215
929 176.700780869 196.848236084
930 176.700256348 196.848236084
931 176.700256348 196.848236084
932 176.715896607 196.863876343
933 176.715896607 196.863876343
934 177.384828568 197.520767212
935 177.384828568 197.520767212
936 177.384828568 197.520767212
937 177.384828568 197.520767212
938 177.384828568 197.520767212
939 178.010438919 198.146377563
940 178.010438919 198.146377563
941 178.010438919 198.146377563
942 178.010438919 198.146377563
943 178.010438919 198.146377563
944 178.661712647 198.787628174
945 178.661712647 198.787628174
946 178.661712647 198.787628174
947 178.677352906 198.803268433
948 178.677352906 198.803268433
949 179.265964508 199.381958008
950 179.281604767 199.397598267
951 179.281604767 199.397598267
952 179.281604767 199.397598267
953 179.281604767 199.397598267
954 179.985416413 200.101409912
955 179.985416413 200.101409912
956 179.985416413 200.101409912
957 179.985416413 200.101409912
958 179.985416413 200.101409912
959 180.657947541 200.77394104
960 177.40256691 200.77394104
961 177.40256691 200.77394104
962 177.418207169 200.789581299
963 177.418207169 200.789581299
964 178.015972138 201.383911133
965 178.031612397 201.399551392
966 178.031612397 201.399551392
967 178.031612397 201.399551392
968 178.031612397 201.399551392
969 178.031612397 201.399551392
970 178.745159149 202.087722778
971 178.745159149 202.087722778
972 178.745159149 202.087722778
973 178.745159149 202.087722778
974 178.745159149 202.087722778
975 179.352109909 202.682052612
976 179.352109909 202.682052612
977 179.352109909 202.682052612
978 179.352109909 202.682052612
979 179.352109909 202.682052612
980 179.930799484 203.260742187
981 179.946439743 203.276382446
982 179.946439743 203.276382446
983 179.946439743 203.276382446
984 179.946439743 203.276382446
985 180.762260437 204.089675903
986 180.762260437 204.089675903
987 180.762260437 204.089675903
988 180.762260437 204.089675903
989 180.777900696 204.105316162
990 180.777900696 204.105316162
991 181.544273377 204.871688843
992 181.542524338 204.856048584
993 181.542524338 204.856048584
994 181.542524338 204.856048584
995 181.542524338 204.856048584
996 181.542524338 204.856048584
997 182.149917603 205.450378418
998 182.149917603 205.450378418
999 182.149917603 205.450378418
1000 182.149917603 205.450378418
1001 182.165557862 205.466018677
1002 182.853729248 206.154190064
1003 182.853729248 206.154190064
1004 182.853729248 206.154190064
1005 182.853729248 206.154190064
1006 182.853729248 206.154190064
1007 183.4793396 206.779800415
1008 183.494979859 206.795440674
1009 183.494979859 206.795440674
1010 183.494979859 206.795440674
1011 183.494979859 206.795440674
1012 183.494979859 206.795440674
1013 184.21295166 207.499252319
1014 184.21295166 207.499252319
1015 184.21295166 207.499252319
1016 184.21295166 207.499252319
1017 184.228591919 207.514892578
1018 184.9949646 208.281265259
1019 184.9949646 208.281265259
1020 181.66349411 208.281265259
1021 181.66349411 208.281265259
1022 181.66349411 208.281265259
1023 181.66349411 208.281265259
1024 182.310590744 208.922515869
1025 182.326231003 208.938156127
1026 182.326231003 208.938156127
1027 182.326231003 208.938156127
1028 182.326231003 208.938156127
1029 183.124210357 209.724075317
1030 183.124210357 209.724075317
1031 183.124210357 209.724075317
1032 183.124210357 209.724075317
1033 183.139850616 209.739715576
1034 183.139850616 209.739715576
1035 183.765460968 210.365325927
1036 183.765460968 210.365325927
1037 183.765460968 210.365325927
1038 183.765460968 210.365325927
1039 183.765460968 210.365325927
1040 183.765460968 210.365325927
1041 184.437992096 211.037857055
1042 184.437992096 211.037857055
1043 184.437992096 211.037857055
1044 184.437992096 211.037857055
1045 184.453632355 211.053497314
1046 185.141803742 211.741668701
1047 185.141803742 211.741668701
1048 185.141803742 211.741668701
1049 185.141803742 211.741668701
1050 185.141477585 211.741668701
1051 185.141477585 211.741668701
1052 185.72016716 212.320358276
1053 185.72016716 212.320358276
1054 185.72016716 212.320358276
1055 185.72016716 212.320358276
1056 185.72016716 212.320358276
1057 186.398645401 212.977249145
1058 186.398645401 212.977249145
1059 186.398645401 212.977249145
1060 186.41428566 212.992889404
1061 186.41428566 212.992889404
1062 187.002693176 213.57157898
1063 187.002693176 213.57157898
1064 187.002693176 213.57157898
1065 187.002693176 213.57157898
1066 187.002693176 213.57157898
1067 187.002693176 213.57157898
1068 187.590452194 214.150268555
1069 187.590452194 214.150268555
1070 187.590452194 214.150268555
1071 187.590452194 214.150268555
1072 187.590452194 214.150268555
1073 188.418983459 214.963562012
1074 188.418983459 214.963562012
1075 188.418983459 214.963562012
1076 188.434623718 214.979202271
1077 188.434623718 214.979202271
1078 188.434623718 214.979202271
1079 189.069368363 215.604812622
1080 185.252193451 215.604812622
1081 185.252193451 215.604812622
1082 185.252193451 215.604812622
1083 185.252193451 215.604812622
1084 185.940364837 216.292984009
1085 186.393932342 216.746551514
1086 186.393932342 216.746551514
1087 186.393932342 216.746551514
1088 186.409572601 216.762191772
1089 186.409572601 216.762191772
1090 186.55033493 216.902954101
1091 186.55033493 216.902954101
1092 186.55033493 216.902954101
1093 186.55033493 216.902954101
1094 186.55033493 216.902954101
1095 187.269786835 217.622406005
1096 187.269786835 217.622406005
1097 187.269786835 217.622406005
1098 187.269786835 217.622406005
1099 187.269786835 217.622406005
1100 187.269786835 217.622406005
1101 187.852773666 218.201095581
1102 187.852773666 218.201095581
1103 187.852773666 218.201095581
1104 187.868413925 218.21673584
1105 187.868413925 218.21673584
1106 188.440742493 218.779785156
1107 188.425102234 218.764144897
1108 188.425102234 218.764144897
1109 188.425102234 218.764144897
1110 188.424860001 218.764144897
1111 189.159952164 219.49923706
1112 189.175592422 219.514877319
1113 189.175592422 219.514877319
1114 189.175592422 219.514877319
1115 189.191232681 219.530517578
1116 189.738739014 220.077926636
1117 189.738739014 220.077926636
1118 189.738739014 220.077926636
1119 189.738739014 220.077926636
1120 189.738739014 220.077926636
1121 189.738739014 220.077926636
1122 190.395629883 220.734817505
1123 190.395629883 220.734817505
1124 190.395629883 220.734817505
1125 190.395629883 220.734817505
1126 190.395629883 220.734817505
1127 190.988357544 221.297866822
1128 190.988357544 221.297866822
1129 190.988357544 221.297866822
1130 191.003997803 221.313507081
1131 191.003997803 221.313507081
1132 191.723449707 222.032958985
1133 191.723962784 222.032958984
1134 191.723962784 222.032958984
1135 191.723962784 222.032958984
1136 191.723962784 222.032958984
1137 191.723962784 222.032958984
1138 192.327623368 222.611648559
1139 192.327623368 222.611648559
1140 192.327251435 222.611648559
1141 192.327251435 222.611648559
1142 192.327251435 222.611648559
1143 193.09989357 223.37802124
1144 193.131174087 223.409301758
1145 193.131174087 223.409301758
1146 193.131174087 223.409301758
1147 193.131174087 223.409301758
1148 193.131174087 223.409301758
1149 193.725503921 224.003631592
1150 193.725503921 224.003631592
1151 193.725503921 224.003631592
1152 193.725503921 224.003631592
1153 193.725503921 224.003631592
1154 194.330066681 224.597961426
1155 194.330066681 224.597961426
1156 194.330066681 224.597961426
1157 194.330066681 224.597961426
1158 194.34570694 224.613601685
1159 194.969350815 225.223571778
1160 194.984991074 225.239212036
1161 194.984991074 225.239212036
1162 194.984991074 225.239212036
1163 194.984991074 225.239212036
1164 195.692708969 225.946929932
1165 195.708349228 225.962570191
1166 195.708349228 225.962570191
1167 195.708349228 225.962570191
1168 195.708349228 225.962570191
1169 195.708349228 225.962570191
1170 190.539873123 226.6038208
1171 190.539873123 226.6038208
1172 190.539873123 226.6038208
1173 190.539873123 226.6038208
1174 190.539873123 226.6038208
1175 191.149843216 227.213790893
1176 191.149843216 227.213790893
1177 191.149843216 227.213790893
1178 191.149843216 227.213790893
1179 191.149843216 227.213790893
1180 191.149843216 227.213790893
1181 191.732759476 227.77684021
1182 191.732759476 227.77684021
1183 191.732759476 227.77684021
1184 191.732759476 227.77684021
1185 191.732759476 227.77684021
1186 192.500663758 228.511932373
1187 192.516304017 228.527572632
1188 192.516304017 228.527572632
1189 192.516304017 228.527572632
1190 192.516304017 228.527572632
1191 192.516304017 228.527572632
1192 193.14351654 229.137542725
1193 193.14351654 229.137542725
1194 193.14351654 229.137542725
1195 193.14351654 229.137542725
1196 193.14351654 229.137542725
1197 193.670225143 229.638031006
1198 193.670225143 229.638031006
1199 193.670225143 229.638031006
1200 193.669826508 229.638031006
1201 193.669826508 229.638031006
1202 194.341440201 230.294921875
1203 194.372720718 230.326202393
1204 194.372720718 230.326202393
1205 194.372720718 230.326202393
1206 194.372720718 230.326202393
1207 194.924037933 230.873611451
1208 194.924037933 230.873611451
1209 194.924037933 230.873611451
1210 194.924037933 230.873611451
1211 194.924037933 230.873611451
1212 195.632003784 231.561782837
1213 195.632003784 231.561782837
1214 195.632003784 231.561782837
1215 195.632003784 231.561782837
1216 195.647644043 231.577423095
1217 195.647644043 231.577423095
1218 197.063970566 232.985046386
1219 197.063970566 232.985046386
1220 197.063970566 232.985046386
1221 197.063970566 232.985046386
1222 197.063970566 232.985046386
1223 197.079610825 233.000686645
1224 197.073566437 232.985046386
1225 197.073566437 232.985046386
1226 197.073566437 232.985046386
1227 197.073566437 232.985046386
1228 197.495853424 233.407333374
1229 197.495853424 233.407333374
1230 193.751464843 233.407333374
1231 193.751464843 233.407333374
1232 193.767105102 233.422973633
1233 194.345794677 234.001663208
1234 194.345247268 233.986022949
1235 194.345247268 233.986022949
1236 194.345247268 233.986022949
1237 194.345247268 233.986022949
1238 195.173095703 234.799316406
1239 195.172311783 234.783676147
1240 195.172311783 234.783676147
1241 195.172311783 234.783676147
1242 195.172311783 234.783676147
1243 195.172311783 234.783676147
1244 195.675451278 235.26852417
1245 195.691091537 235.284164429
1246 195.691091537 235.284164429
1247 195.706731796 235.299804688
1248 195.706731796 235.299804688
1249 195.706731796 235.299804688
1250 196.381065369 235.941055297
1251 196.381065369 235.941055297
1252 196.381065369 235.941055297
1253 196.381065369 235.941055297
1254 196.381065369 235.941055297
1255 196.908906937 236.441543579
1256 196.908906937 236.441543579
1257 196.908906937 236.441543579
1258 196.908906937 236.441543579
1259 196.924547195 236.457183838
1260 195.556259155 237.254837036
1261 195.556259155 237.254837036
1262 195.556259155 237.254837036
1263 195.556259155 237.254837036
1264 195.556259155 237.254837036
1265 195.556259155 237.254837036
1266 196.213150024 237.911727905
1267 196.369552612 238.068130493
1268 196.369552612 238.068130493
1269 196.369552612 238.068130493
1270 196.369552612 238.068130493
1271 196.369552612 238.068130493
1272 196.893564224 238.552978516
1273 196.893564224 238.552978516
1274 196.893564224 238.552978516
1275 196.909204483 238.568618775
1276 196.909204483 238.568618775
1277 197.639719009 239.27243042
1278 197.639719009 239.27243042
1279 197.639719009 239.27243042
1280 197.639719009 239.27243042
1281 197.639719009 239.27243042
1282 197.639719009 239.27243042
1283 198.32592392 239.944961548
1284 198.32592392 239.944961548
1285 198.32592392 239.944961548
1286 198.32592392 239.944961548
1287 198.32592392 239.944961548
1288 198.900693893 240.508010864
1289 198.900693893 240.508010864
1290 198.9000988 240.508010864
1291 198.915739059 240.523651123
1292 198.915739059 240.523651123
1293 199.551719665 241.121887207
1294 199.551719665 241.121887207
1295 199.551719665 241.121887207
1296 199.551719665 241.121887207
1297 199.551719665 241.121887207
1298 200.295303345 241.841339112
1299 200.309473038 241.841339111
1300 200.309473038 241.841339111
1301 200.309473038 241.841339111
1302 200.309473038 241.841339111
1303 200.309473038 241.841339111
1304 200.937479019 242.451309204
1305 200.907482147 242.404388427
1306 200.907482147 242.404388427
1307 200.907482147 242.404388427
1308 200.907482147 242.404388427
1309 201.486171723 242.983078003
1310 201.501811982 242.998718262
1311 201.501811982 242.998718262
1312 201.501811982 242.998718262
1313 201.501811982 242.998718262
1314 201.501811982 242.998718262
1315 202.274377823 243.718170166
1316 202.274377823 243.718170166
1317 202.274377823 243.718170166
1318 202.290018081 243.733810425
1319 202.290018081 243.733810425
1320 198.778861999 244.484542847
1321 198.777284622 244.43762207
1322 198.777284622 244.43762207
1323 198.777284622 244.43762207
1324 198.777284622 244.43762207
1325 198.777284622 244.43762207
1326 198.777284622 244.43762207
1327 199.533758163 245.141433716
1328 199.533758163 245.141433716
1329 199.533758163 245.141433716
1330 199.533758163 245.141433716
1331 199.533758163 245.141433716
1332 199.533758163 245.141433716
1333 200.143728256 245.751403809
1334 200.128087997 245.73576355
1335 200.128087997 245.73576355
1336 200.143728256 245.751403809
1337 200.143728256 245.751403809
1338 200.143728256 245.751403809
1339 200.770950317 246.377014161
1340 200.770950317 246.377014161
1341 200.770950317 246.377014161
1342 200.770950317 246.377014161
1343 200.770950317 246.377014161
1344 200.770950317 246.377014161
1345 201.474761963 247.080825806
1346 201.474761963 247.080825806
1347 201.474761963 247.080825806
1348 201.474761963 247.080825806
1349 201.490402222 247.096466064
1350 201.490402222 247.096466064
1351 201.490402222 247.096466064
1352 202.272415161 247.878479004
1353 202.281820298 247.878479004
1354 202.281820298 247.878479004
1355 202.281820298 247.878479004
1356 202.281820298 247.878479004
1357 202.281820298 247.878479004
1358 202.281820298 247.878479004
1359 202.897977829 248.488449097
1360 202.885501862 248.472808838
1361 202.885501862 248.472808838
1362 202.885501862 248.472808838
1363 202.885501862 248.472808838
1364 202.885501862 248.472808838
1365 202.885501862 248.472808838
1366 203.656797409 249.239181518
1367 203.656116486 249.22354126
1368 203.656116486 249.22354126
1369 203.656116486 249.22354126
1370 203.671756744 249.239181519
1371 203.671756744 249.239181519
1372 203.671756744 249.239181519
1373 204.433702469 249.974273682
1374 204.440971374 249.974273682
1375 204.440971374 249.974273682
1376 204.440971374 249.974273682
1377 204.440971374 249.974273682
1378 204.440971374 249.974273682
1379 204.440971374 249.974273682
1380 204.440971374 249.974273682
1381 205.07849884 250.568603516
1382 205.07849884 250.568603516
1383 205.07849884 250.568603516
1384 205.07849884 250.568603516
1385 205.094139099 250.584243774
1386 205.094139099 250.584243774
1387 205.094139099 250.584243774
1388 205.978431702 251.444458007
1389 205.99386406 251.444458008
1390 205.99386406 251.444458008
1391 205.99386406 251.444458008
1392 205.99386406 251.444458008
1393 205.99386406 251.444458008
1394 205.99386406 251.444458008
1395 205.99386406 251.444458008
1396 206.789299012 252.226470947
1397 206.820039749 252.242111206
1398 206.820039749 252.242111206
1399 206.820039749 252.242111206
1400 206.820039749 252.242111206
1401 206.835680008 252.257751465
1402 206.835680008 252.257751465
1403 206.835680008 252.257751465
1404 207.708845139 253.086685181
1405 207.689405442 253.039764404
1406 207.689405442 253.039764404
1407 207.689405442 253.039764404
1408 207.689405442 253.039764404
1409 207.689405442 253.039764404
1410 207.689405442 253.039764404
1411 207.689405442 253.039764404
1412 208.575466157 253.899978638
1413 209.223812104 254.525588989
1414 209.223812104 254.525588989
1415 209.223812104 254.525588989
1416 209.223812104 254.525588989
1417 209.223812104 254.525588989
1418 209.239452362 254.541229248
1419 209.239452362 254.541229248
1420 209.239452362 254.541229248
1421 209.383152008 254.666351319
1422 209.383152008 254.666351319
1423 209.383152008 254.666351319
1424 209.383152008 254.666351319
1425 209.383152008 254.666351319
1426 209.383152008 254.666351319
1427 209.383152008 254.666351319
1428 209.383152008 254.666351319
1429 209.383152008 254.666351319
1430 210.459436416 255.714248657
1431 210.475076675 255.729888916
1432 210.475076675 255.729888916
1433 210.475076675 255.729888916
1434 210.475076675 255.729888916
1435 210.490716934 255.745529174
1436 210.490716934 255.745529174
1437 210.490716934 255.745529174
1438 211.243291855 256.468887329
1439 211.224563599 256.390686035
1440 203.036920548 256.390686035
1441 203.036920548 256.390686035
1442 203.036920548 256.390686035
1443 203.036920548 256.390686035
1444 203.036920548 256.390686035
1445 203.036920548 256.390686035
1446 203.036920548 256.390686035
1447 203.69799614 257.031936645
1448 203.77467537 257.078857422
1449 203.77467537 257.078857422
1450 203.77467537 257.078857422
1451 203.77467537 257.078857422
1452 203.77467537 257.078857422
1453 203.77467537 257.078857422
1454 203.77467537 257.078857422
1455 204.61044693 257.907791138
1456 204.607826233 257.87651062
1457 204.607826233 257.87651062
1458 204.607826233 257.87651062
1459 204.623466491 257.892150879
1460 204.623466491 257.892150879
1461 204.623466491 257.892150879
1462 204.623466491 257.892150879
1463 204.623466491 257.892150879
1464 205.4015522 258.627243042
1465 205.398376464 258.611602783
1466 205.398376464 258.611602783
1467 205.398376464 258.611602783
1468 205.398376464 258.611602783
1469 205.398376464 258.611602783
1470 205.398376464 258.611602783
1471 205.398376464 258.611602783
1472 206.124607086 259.29977417
1473 206.653438568 259.768981934
1474 206.653438568 259.768981934
1475 206.653438568 259.768981934
1476 206.653438568 259.768981934
1477 206.653438568 259.768981934
1478 206.653438568 259.768981934
1479 206.653438568 259.768981934
1480 206.903682709 260.019226074
1481 206.887859344 259.956665039
1482 206.887859344 259.956665039
1483 206.887859344 259.956665039
1484 206.887859344 259.956665039
1485 206.887859344 259.956665039
1486 206.887859344 259.956665039
1487 206.887859344 259.956665039
1488 208.231683731 261.286087036
1489 208.245920181 261.270446778
1490 208.245920181 261.270446778
1491 208.245920181 261.270446778
1492 208.26156044 261.286087036
1493 208.26156044 261.286087036
1494 208.26156044 261.286087036
1495 208.26156044 261.286087036
1496 209.031442642 262.00553894
1497 209.029378891 261.974258423
1498 209.029378891 261.974258423
1499 209.029378891 261.974258423
1500 209.027973175 261.974258423
1501 209.027973175 261.974258423
1502 209.027973175 261.974258423
1503 209.027973175 261.974258423
1504 209.027973175 261.974258423
1505 209.285411835 262.208862304
1506 209.283185959 262.161941528
1507 209.283185959 262.161941528
1508 209.283185959 262.161941528
1509 209.283185959 262.161941528
1510 209.298826218 262.177581787
1511 209.298826218 262.177581787
1512 209.298826218 262.177581787
1513 209.298826218 262.177581787
1514 210.114200592 262.975234985
1515 210.12984085 262.990875244
1516 210.12984085 262.990875244
1517 210.12984085 262.990875244
1518 210.12984085 262.990875244
1519 210.12984085 262.990875244
1520 210.12984085 262.990875244
1521 210.12984085 262.990875244
1522 210.859138488 263.710327149
1523 210.832853317 263.663406372
1524 210.848493576 263.679046631
1525 210.848493576 263.679046631
1526 210.848493576 263.679046631
1527 210.864133835 263.69468689
1528 210.864133835 263.69468689
1529 210.864133835 263.69468689
1530 210.864133835 263.69468689
1531 211.582645416 264.367218018
1532 211.582645416 264.367218018
1533 211.582645416 264.367218018
1534 211.582645416 264.367218018
1535 211.582645416 264.367218018
1536 211.582645416 264.367218018
1537 211.582645416 264.367218018
1538 212.195764542 264.961547852
1539 212.195764542 264.961547852
1540 212.195764542 264.961547852
1541 212.195764542 264.961547852
1542 212.211404801 264.97718811
1543 212.211404801 264.97718811
1544 212.211404801 264.97718811
1545 212.98264885 265.727920532
1546 212.979034424 265.712280273
1547 212.979034424 265.712280273
1548 212.979034424 265.712280273
1549 212.979034424 265.712280273
1550 212.979034424 265.712280273
1551 212.979034424 265.712280273
1552 212.979034424 265.712280273
1553 212.979034424 265.712280273
1554 213.782455445 266.478652954
1555 213.798078537 266.478652954
1556 213.798078537 266.478652954
1557 213.798078537 266.478652954
1558 213.798078537 266.478652954
1559 213.798078537 266.478652954
1560 213.798078537 266.478652954
1561 213.798078537 266.478652954
1562 214.588043213 267.213745117
1563 214.563993454 267.166824341
1564 214.563993454 267.166824341
1565 214.563993454 267.166824341
1566 214.563993454 267.166824341
1567 214.563993454 267.166824341
1568 214.563993454 267.166824341
1569 214.563993454 267.166824341
1570 215.309843063 267.870635986
1571 215.309843063 267.870635986
1572 215.309843063 267.870635986
1573 215.309843063 267.870635986
1574 215.309843063 267.870635986
1575 215.325483322 267.886276245
1576 215.325483322 267.886276245
1577 215.325483322 267.886276245
1578 216.121967316 268.637008667
1579 216.107725143 268.590087891
1580 216.107725143 268.590087891
1581 216.107725143 268.590087891
1582 216.107725143 268.590087891
1583 216.107725143 268.590087891
1584 216.107725143 268.590087891
1585 216.107725143 268.590087891
1586 216.107725143 268.590087891
1587 217.835012436 270.201034546
1588 217.850652695 270.216674805
1589 217.850652695 270.216674805
1590 217.84941864 270.216674805
1591 217.84941864 270.216674805
1592 217.84941864 270.216674805
1593 217.84941864 270.216674805
1594 217.84941864 270.216674805
1595 217.799190521 270.122833252
1596 217.804265976 270.122833252
1597 217.804265976 270.122833252
1598 217.804265976 270.122833252
1599 217.804265976 270.122833252
1600 217.804265976 270.122833252
1601 217.804265976 270.122833252
1602 217.804265976 270.122833252
1603 218.373161316 270.642868042
1604 218.373161316 270.642868042
1605 218.373161316 270.642868042
1606 218.373161316 270.642868042
1607 218.373161316 270.642868042
1608 218.373161316 270.642868042
1609 218.373161316 270.642868042
1610 218.373161316 270.642868042
1611 219.31278038 271.471801757
1612 219.334167481 271.456161499
1613 219.334167481 271.456161499
1614 219.334167481 271.456161499
1615 219.334167481 271.456161499
1616 219.334167481 271.456161499
1617 219.334167481 271.456161499
1618 219.334167481 271.456161499
1619 219.334167481 271.456161499
1620 207.315801621 272.206893921
1621 207.315801621 272.206893921
1622 207.315801621 272.206893921
1623 207.315801621 272.206893921
1624 207.315801621 272.206893921
1625 207.315801621 272.206893921
1626 207.315801621 272.206893921
1627 207.315801621 272.206893921
1628 207.315801621 272.206893921
1629 207.921474456 272.73866272
1630 207.921474456 272.73866272
1631 207.921474456 272.73866272
1632 207.921474456 272.73866272
1633 207.921474456 272.73866272
1634 207.921474456 272.73866272
1635 207.921474456 272.73866272
1636 208.753692627 273.520675659
1637 209.456893921 274.177566529
1638 209.456893921 274.177566529
1639 209.456893921 274.177566529
1640 209.456893921 274.177566529
1641 209.456893921 274.177566529
1642 209.456893921 274.177566529
1643 209.456893921 274.177566529
1644 210.224626541 274.912658692
1645 210.224580765 274.897018433
1646 210.236270905 274.897018433
1647 210.236270905 274.897018433
1648 210.236270905 274.897018433
1649 210.236270905 274.897018433
1650 210.235183716 274.897018433
1651 210.235183716 274.897018433
1652 210.235183716 274.897018433
1653 210.278425216 274.865737915
1654 210.286235809 274.834457397
1655 210.286235809 274.834457397
1656 210.286235809 274.834457397
1657 210.286235809 274.834457397
1658 210.286235809 274.834457397
1659 210.286235809 274.834457397
1660 210.286235809 274.834457397
1661 211.067722321 275.585189819
1662 211.067722321 275.585189819
1663 211.067722321 275.585189819
1664 211.067722321 275.585189819
1665 211.067722321 275.585189819
1666 211.08336258 275.600830078
1667 211.08336258 275.600830078
1668 211.08336258 275.600830078
1669 211.879442215 276.335922241
1670 211.854957581 276.273361206
1671 211.854957581 276.273361206
1672 211.854957581 276.273361206
1673 211.854957581 276.273361206
1674 211.854957581 276.273361206
1675 211.854957581 276.273361206
1676 211.854957581 276.273361206
1677 212.555419922 276.930252075
1678 212.542776108 276.883331299
1679 212.558416367 276.898971558
1680 212.557771683 276.898971558
1681 212.557771683 276.898971558
1682 212.573411942 276.914611817
1683 212.573411942 276.914611817
1684 212.573411942 276.914611817
1685 213.296442032 277.587142945
1686 213.285730362 277.555862427
1687 213.285730362 277.555862427
1688 213.285730362 277.555862427
1689 213.285730362 277.555862427
1690 213.285730362 277.555862427
1691 213.285730362 277.555862427
1692 213.285730362 277.555862427
1693 214.073526383 278.212753296
1694 214.062786103 278.16583252
1695 214.062786103 278.16583252
1696 214.062786103 278.16583252
1697 214.062786103 278.16583252
1698 214.062786103 278.16583252
1699 214.062786103 278.16583252
1700 214.062786103 278.16583252
1701 214.062786103 278.16583252
1702 215.550016403 279.510894776
1703 215.550016403 279.510894776
1704 215.550016403 279.510894776
1705 215.550016403 279.510894776
1706 215.550016403 279.510894776
1707 215.550016403 279.510894776
1708 215.550016403 279.510894776
1709 215.550016403 279.510894776
1710 209.292257309 279.542175293
1711 209.290922165 279.510894776
1712 209.290922165 279.510894776
1713 209.290922165 279.510894776
1714 209.290922165 279.510894776
1715 209.290922165 279.510894776
1716 209.290922165 279.510894776
1717 209.290922165 279.510894776
1718 210.00425148 280.183425904
1719 210.013736725 280.152145385
1720 210.013736725 280.152145385
1721 210.013736725 280.152145385
1722 210.029376984 280.167785644
1723 210.029376984 280.167785644
1724 210.029376984 280.167785644
1725 210.029376984 280.167785644
1726 210.939332962 280.99671936
1727 210.975862503 281.012359619
1728 210.975862503 281.012359619
1729 210.975862503 281.012359619
1730 210.975862503 281.012359619
1731 210.975862503 281.012359619
1732 210.975862503 281.012359619
1733 210.975862503 281.012359619
1734 211.800729751 281.794372558
1735 211.785791397 281.731811523
1736 211.785791397 281.731811523
1737 211.785791397 281.731811523
1738 211.785791397 281.731811523
1739 211.801431656 281.747451782
1740 211.799751282 281.747451782
1741 211.799751282 281.747451782
1742 211.799751282 281.747451782
1743 212.50466156 282.341781616
1744 212.50466156 282.341781616
1745 212.50466156 282.341781616
1746 212.50466156 282.341781616
1747 212.50466156 282.341781616
1748 212.50466156 282.341781616
1749 212.50466156 282.341781616
1750 212.50466156 282.341781616
1751 213.354120255 283.123794555
1752 213.353391647 283.076873779
1753 213.353391647 283.076873779
1754 213.353391647 283.076873779
1755 213.353391647 283.076873779
1756 213.369031906 283.092514038
1757 213.369031906 283.092514038
1758 213.369031906 283.092514038
1759 213.369031906 283.092514038
1760 214.183950425 283.815872192
1761 214.183950425 283.815872192
1762 214.183950425 283.815872192
1763 214.183950425 283.815872192
1764 214.183950425 283.815872192
1765 214.183950425 283.815872192
1766 214.183950425 283.815872192
1767 214.183950425 283.815872192
1768 214.183950425 283.815872192
1769 215.519821167 285.129653931
1770 210.94115448 285.129653931
1771 210.94115448 285.129653931
1772 210.94115448 285.129653931
1773 210.956794738 285.14529419
1774 210.956794738 285.14529419
1775 210.956794738 285.14529419
1776 210.956794738 285.14529419
1777 211.730106353 285.896026611
1778 211.706811904 285.833465576
1779 211.706811904 285.833465576
1780 211.706811904 285.833465576
1781 211.706811904 285.833465576
1782 211.706811904 285.833465576
1783 211.706811904 285.833465576
1784 211.706811904 285.833465576
1785 212.563308715 286.678039551
1786 212.544868469 286.584197998
1787 212.544868469 286.584197998
1788 212.544868469 286.584197998
1789 212.544868469 286.584197998
1790 212.560508728 286.599838257
1791 212.560508728 286.599838257
1792 212.560508728 286.599838257
1793 212.560508728 286.599838257
1794 213.390008926 287.33493042
1795 213.383769989 287.256729126
1796 213.383769989 287.256729126
1797 213.383769989 287.256729126
1798 213.383769989 287.256729126
1799 213.383769989 287.256729126
1800 213.383769989 287.256729126
1801 213.383769989 287.256729126
1802 213.570682525 287.366210938
1803 213.560440063 287.319290161
1804 213.560440063 287.319290161
1805 213.560440063 287.319290161
1806 213.560440063 287.319290161
1807 213.576080322 287.33493042
1808 213.576080322 287.33493042
1809 213.576080322 287.33493042
1810 214.33810997 288.023101806
1811 214.33810997 288.023101806
1812 214.33810997 288.023101806
1813 214.33810997 288.023101806
1814 214.33810997 288.023101806
1815 214.33810997 288.023101806
1816 214.33810997 288.023101806
1817 214.33810997 288.023101806
1818 215.207233429 288.789474487
1819 215.182769776 288.648712158
1820 215.170267105 288.633071899
1821 215.170267105 288.633071899
1822 215.170267105 288.633071899
1823 215.170267105 288.633071899
1824 215.185907364 288.648712158
1825 215.185907364 288.648712158
1826 215.185907364 288.648712158
1827 216.007902146 289.430725098
1828 215.993024826 289.336883545
1829 215.993024826 289.336883545
1830 215.990215301 289.336883545
1831 215.990215301 289.336883545
1832 215.990215301 289.336883545
1833 215.990215301 289.336883545
1834 215.990215301 289.336883545
1835 215.990215301 289.336883545
1836 217.169145584 290.494262695
1837 217.135847092 290.400421143
1838 217.135847092 290.400421143
1839 217.135847092 290.400421143
1840 217.135847092 290.400421143
1841 217.135847092 290.400421143
1842 217.151487351 290.416061402
1843 217.151487351 290.416061402
1844 217.151487351 290.416061402
1845 217.151487351 290.416061402
1846 217.964626312 291.119873047
1847 217.964626312 291.119873047
1848 217.964626312 291.119873047
1849 217.964626312 291.119873047
1850 217.964626312 291.119873047
1851 217.964626312 291.119873047
1852 217.964626312 291.119873047
1853 217.964626312 291.119873047
1854 217.964626312 291.119873047
1855 218.552570343 291.573440552
1856 218.567979813 291.573440552
1857 218.567979813 291.573440552
1858 218.567979813 291.573440552
1859 218.567979813 291.573440552
1860 218.582668305 291.58908081
1861 218.582668305 291.58908081
1862 218.582668305 291.58908081
1863 218.582668305 291.58908081
1864 219.432943345 292.324172973
1865 219.432943345 292.324172973
1866 219.432943345 292.324172973
1867 219.432943345 292.324172973
1868 219.432943345 292.324172973
1869 219.432943345 292.324172973
1870 219.432943345 292.324172973
1871 219.432943345 292.324172973
1872 220.130176545 292.981063842
1873 220.111635209 292.918502807
1874 220.127275467 292.934143066
1875 220.127275467 292.934143066
1876 220.127275467 292.934143066
1877 220.127275467 292.934143066
1878 220.142915726 292.949783325
1879 220.142915726 292.949783325
1880 220.142915726 292.949783325
1881 220.931552887 293.684875488
1882 220.931552887 293.684875488
1883 220.931552887 293.684875488
1884 220.931552887 293.684875488
1885 220.931552887 293.684875488
1886 220.931552887 293.684875488
1887 220.931552887 293.684875488
1888 220.931552887 293.684875488
1889 221.720939636 294.388687134
1890 212.535985947 294.373046875
1891 212.535985947 294.373046875
1892 212.535985947 294.373046875
1893 212.535985947 294.373046875
1894 212.551626206 294.388687134
1895 212.551626206 294.388687134
1896 212.551626206 294.388687134
1897 213.4019413 295.170700073
1898 213.397914887 295.155059815
1899 213.397914887 295.155059815
1900 213.397914887 295.155059815
1901 213.397914887 295.155059815
1902 213.397914887 295.155059815
1903 213.397914887 295.155059815
1904 213.397914887 295.155059815
1905 213.978384018 295.655548096
1906 213.96100998 295.592987061
1907 213.976650238 295.60862732
1908 213.976650238 295.60862732
1909 213.976650238 295.60862732
1910 213.976650238 295.60862732
1911 213.976650238 295.60862732
1912 213.976650238 295.60862732
1913 213.976650238 295.60862732
1914 214.805541992 296.375
1915 214.805541992 296.375
1916 214.805541992 296.375
1917 214.805541992 296.375
1918 214.821182251 296.390640258
1919 214.821182251 296.390640258
1920 214.821182251 296.390640258
1921 214.821182251 296.390640258
1922 215.675582886 297.176559448
1923 215.665708542 297.160919189
1924 215.665708542 297.160919189
1925 215.665708542 297.160919189
1926 215.665708542 297.160919189
1927 215.665708542 297.160919189
1928 215.665708542 297.160919189
1929 215.665708542 297.160919189
1930 216.339601517 297.755249023
1931 216.366691589 297.770889282
1932 216.366691589 297.770889282
1933 216.366691589 297.770889282
1934 216.382331848 297.786529541
1935 216.382331848 297.786529541
1936 216.382331848 297.786529541
1937 216.382331848 297.786529541
1938 216.382331848 297.786529541
1939 217.024278641 298.287017822
1940 217.024261475 298.271377563
1941 217.024261475 298.271377563
1942 217.024261475 298.271377563
1943 217.024261475 298.271377563
1944 217.024261475 298.271377563
1945 213.036594391 298.287017822
